55 8 2 
8 2 15 
2 37 
52 2 
8 2 
35 2 
2 35 
15 2 35 18 
2 19 
14 2 
56 2 
2 52 
54 53 2 
2 52 35 
6 52 2 
37 55 53 2 35 
19 54 2 
56 35 52 55 2 
8 52 2 
2 39 52 29 
37 2 
52 2 53 
55 2 56 
2 39 
2 27 52 
55 2 
53 2 
40 2 
23 36 2 
8 2 52 
53 2 19 
45 43 42 34 6 40 2 15 41 52 8 19 35 55 54 56 
2 15 
6 43 35 39 23 15 21 29 33 52 2 19 
23 2 
53 52 2 
55 37 2 
56 55 2 
2 21 55 
52 56 2 
43 44 36 2 52 
18 2 
39 53 2 
23 2 35 21 
33 26 2 
2 8 23 56 
52 8 53 2 
2 56 
42 41 35 15 8 2 55 53 
19 53 37 2 
53 2 36 44 39 
23 53 55 2 8 
2 45 
19 2 
41 2 52 
52 53 2 
2 27 
19 53 52 2 
41 51 55 53 40 37 2 35 54 
15 2 
37 54 53 6 35 15 52 19 2 
8 35 6 27 2 23 52 40 15 
15 23 2 
2 52 6 35 
15 8 2 53 
23 52 2 
2 53 
2 8 
15 55 2 
53 35 2 
45 2 
38 54 2 
53 35 2 8 52 
2 37 52 
33 2 
53 56 2 52 37 
52 2 19 
6 34 15 19 54 53 52 2 
33 19 37 2 
55 8 15 41 2 35 52 
2 8 35 
55 26 37 27 44 2 8 56 
53 2 15 35 19 
39 2 
5 2 
56 55 19 2 
27 52 2 
54 19 2 
2 55 56 
21 5 19 23 2 53 8 
2 35 55 
27 2 
56 21 52 2 
56 15 55 2 
55 42 2 35 23 
19 2 52 6 
35 27 2 52 
21 23 2 52 8 19 
34 2 
53 8 2 
2 35 53 
52 15 35 37 2 53 
2 54 
8 15 35 2 
19 39 52 41 51 2 37 6 55 
27 2 55 53 56 
35 53 2 
21 52 2 
23 37 2 
52 35 2 
52 53 35 2 
41 2 
23 2 52 
37 35 2 
8 19 2 
8 2 35 
45 53 54 2 35 
2 35 8 19 
52 2 8 
8 2 54 55 
