19 8 
45 40 
56 19 
45 44 37 56 
19 56 
54 19 
56 8 
52 21 
37 55 
49 
36 19 5 
56 52 
37 5 
19 54 
52 55 
55 56 
45 21 
55 19 
39 21 
36 39 
45 8 
5 41 
45 41 
45 52 
37 19 
54 19 29 33 
8 44 56 
45 33 
39 27 36 37 8 
19 55 
22 52 
55 52 
45 8 29 5 53 
29 37 
42 40 
56 55 
42 46 
33 19 
29 19 54 
45 31 39 
55 8 
19 40 54 36 29 
39 19 
37 8 
45 51 
5 42 
44 19 
55 40 
8 5 
51 52 
5 52 
29 41 
54 55 
52 19 
39 40 
52 8 56 
5 26 45 
14 39 
52 8 
5 37 
8 41 19 
52 18 
52 41 
45 44 43 39 
52 8 19 54 
8 37 
36 46 
8 56 
19 37 
26 52 
55 56 54 
29 55 
43 19 
45 19 
45 44 
45 55 
18 26 
29 8 
42 45 
5 55 8 
45 39 
29 19 
18 43 55 
46 36 
41 52 
43 44 
29 33 
45 36 
29 54 
8 54 
26 29 
52 54 
8 56 52 
36 33 19 29 
22 45 
19 5 
37 52 8 
33 55 
5 19 
21 55 52 
43 45 
29 56 
37 45 
41 39 
39 55 8 
55 21 
26 19 
43 40 
45 46 
37 39 42 
55 56 8 
31 5 14 
22 39 
22 44 
22 42 
40 19 
42 19 
45 42 
49 37 
21 54 
5 22 43 
36 14 
19 40 
44 39 
33 18 5 38 32 
54 40 
21 26 
37 54 
38 41 55 
39 45 
52 8 19 
19 52 
55 39 
40 8 
41 8 56 
37 52 55 
55 54 19 
8 56 21 
5 26 
37 29 
42 37 
45 39 49 
21 33 29 19 
43 36 42 
41 29 54 
45 44 55 
55 18 
38 42 
45 5 19 
19 8 56 37 
41 8 
55 19 54 
56 8 52 
45 37 
8 19 
39 37 
56 37 
18 39 
52 39 
51 55 
32 18 
39 29 
29 5 
8 21 41 
39 36 
37 46 
32 45 
55 41 
14 54 19 
8 40 
14 36 
46 8 52 56 
42 56 
18 33 
56 37 8 
36 29 56 33 
55 56 41 8 
40 21 
52 31 
40 56 
8 41 56 5 19 
33 54 
55 8 29 
19 29 
36 19 52 
37 52 
56 52 19 
51 39 
