14 23 34 
35 23 
5 23 26 34 
37 19 27 
45 27 
23 53 
34 23 
27 46 
35 27 
7 23 27 
5 19 23 
23 8 
22 51 42 23 27 21 7 
40 27 
23 31 
23 35 54 
27 29 
23 19 54 
27 19 35 
35 27 51 19 
45 23 
23 35 
26 19 29 55 56 54 23 
40 23 
29 27 
27 42 
27 19 
23 55 
52 51 5 27 
23 54 
27 35 
23 19 
27 19 52 
22 45 27 
23 21 
23 8 56 54 
42 27 
21 23 
27 36 
23 27 
40 23 27 
27 19 54 
23 19 35 
37 27 
40 21 23 
27 18 
36 27 
27 41 
33 23 
44 27 
37 5 27 
27 52 
27 54 
5 18 27 
23 29 
27 52 39 
53 27 
51 40 23 
19 54 27 
23 56 
39 23 19 27 52 
27 21 
27 55 
29 34 23 
23 53 37 
34 23 27 
23 41 19 
7 21 27 23 29 19 
52 23 19 35 54 
23 21 19 
33 27 
33 27 23 21 6 29 
37 27 53 19 23 
55 23 51 
23 37 8 
34 23 39 
27 26 35 
23 33 21 
37 35 23 21 
23 52 
27 54 37 
27 18 5 
18 23 56 54 55 
33 29 23 35 52 
23 52 55 56 
27 45 41 
23 8 54 
23 37 
23 54 35 
23 39 36 
5 27 
27 23 
27 54 23 
37 23 
19 35 23 
23 53 45 
5 27 35 
23 19 53 
19 40 27 
34 27 
23 26 
23 21 33 
23 34 8 
23 41 
27 40 
27 37 
53 40 23 
29 23 56 
18 23 
29 33 32 23 27 
23 55 56 
49 27 
27 35 54 19 
54 27 
8 23 52 
22 23 41 8 53 
45 40 27 
5 40 23 
27 26 31 35 
15 34 23 27 
23 29 21 
23 32 33 29 35 
54 23 27 
8 34 23 
45 40 23 
35 19 23 
40 23 35 
