6 52 
39 6 
29 54 19 6 2 
35 23 6 
39 6 27 
6 37 
2 6 19 
32 33 6 14 39 
6 53 
45 6 42 2 
6 34 39 43 
6 2 
45 6 5 
6 19 
7 6 
45 6 2 
45 6 
6 41 
6 54 19 
6 40 
6 27 19 
54 6 
22 49 45 34 6 
23 6 54 19 
6 36 
6 44 
6 18 22 45 
27 6 
6 39 
45 6 52 35 
54 6 27 46 22 
8 6 
39 6 40 
6 56 
27 6 52 
53 6 
6 27 2 
6 27 
8 35 6 
6 53 27 
55 6 
52 6 23 
2 6 
6 5 
6 36 35 
6 55 
6 55 49 
6 49 26 2 
40 6 
35 54 6 8 
6 18 23 
45 6 8 40 
45 6 51 
6 26 
35 6 
7 39 6 
37 6 
6 44 22 27 45 
6 45 
52 6 
6 33 29 41 
45 26 6 
6 53 52 
7 2 40 6 
26 6 
54 39 18 21 6 27 35 
6 55 8 
6 54 52 
6 35 
27 6 46 
6 39 18 22 45 
6 27 45 
55 5 6 
6 45 7 34 
6 35 7 19 
6 49 52 
26 23 6 
6 54 
22 42 6 52 
6 19 2 
6 46 2 
6 7 26 
19 38 26 6 29 
8 23 6 
8 54 19 6 
6 37 41 
7 18 6 41 
6 41 55 
45 6 52 
6 7 
14 45 43 6 36 56 
22 6 35 
31 45 6 26 
33 52 6 56 55 19 
6 27 7 
7 35 27 6 
7 39 6 35 2 
42 6 
6 51 
7 34 27 49 6 
27 39 6 19 53 
55 2 54 6 
56 6 
14 7 27 6 
27 6 26 45 
7 6 54 
6 52 19 
6 2 45 22 
6 27 35 
45 14 6 5 8 
6 45 34 
6 18 45 34 
26 6 45 
45 34 6 43 
52 6 22 
22 40 6 
7 35 6 
37 53 6 
40 31 6 
6 8 45 7 
6 33 52 
55 6 35 
18 6 19 5 
23 6 55 41 8 
42 6 29 
6 42 
27 6 18 26 22 
22 6 2 
39 6 55 
