8 52 53 
37 35 
6 35 53 37 
56 53 
53 8 
52 53 
35 45 
35 53 
40 53 
8 56 35 
35 19 52 
54 35 
37 49 35 53 
54 35 55 53 
23 52 35 53 19 
35 52 
53 52 8 56 
37 53 
18 26 49 35 55 56 53 
53 35 
45 26 40 35 
55 35 
52 35 
35 53 56 52 
37 35 19 53 
53 52 
53 35 6 
8 53 
35 37 
56 37 53 
8 53 56 
19 35 
35 53 54 21 23 15 
31 53 
51 35 53 
35 54 8 
26 35 
35 55 
6 35 53 7 
37 21 8 53 
27 8 5 35 
35 39 37 
56 35 
35 56 8 
53 35 37 
53 19 
35 53 6 
53 55 
35 52 53 
35 53 37 
19 54 35 
35 19 
46 8 19 35 
45 19 35 
45 26 53 
56 8 35 
21 35 19 
56 2 53 35 
39 35 
53 35 23 8 
56 51 53 52 
42 35 40 53 
35 23 53 
42 41 35 
8 37 35 
8 35 
19 53 
41 53 
45 29 32 35 
35 8 
41 35 
53 52 56 
40 35 8 19 
37 35 53 
35 54 
35 42 27 53 52 
39 44 52 53 
37 35 41 56 
36 35 
32 35 
35 55 53 
35 37 52 53 
53 19 8 35 
53 35 19 52 55 15 
22 35 
27 29 53 35 
35 56 
8 35 56 
29 35 
53 6 35 
23 35 53 21 
26 43 53 52 
35 8 52 
49 8 52 35 
53 52 19 35 
5 35 
8 53 52 
35 5 41 
14 52 53 
35 8 56 
35 43 39 
52 35 53 
35 53 7 26 
35 8 19 
52 53 35 
53 39 
27 53 8 
35 29 
39 53 
56 42 41 53 37 
54 33 53 52 55 
51 55 22 41 42 56 8 37 35 27 53 52 
8 35 21 
35 21 
21 35 
56 53 52 
56 37 8 52 53 
52 53 8 
54 52 35 
45 35 
8 56 53 52 
39 36 29 35 
53 52 8 
35 40 54 
53 37 
23 52 53 8 
53 35 52 
53 52 36 
6 27 53 35 
56 53 35 
56 53 55 
53 35 19 
56 55 19 53 
