7 54 35 
27 7 
7 55 
7 8 35 
14 7 45 
45 7 
7 45 2 
7 5 22 
23 7 
7 53 55 
8 7 22 23 
52 37 7 38 
5 7 27 18 
7 53 19 
27 7 5 
7 5 
39 7 
18 7 39 
7 19 54 
7 35 
7 42 
7 46 
7 18 
7 27 
7 27 22 18 5 
7 27 22 
7 36 54 
7 34 
27 22 18 7 23 
46 7 
45 27 7 
8 7 
7 54 40 
7 14 18 39 
27 18 7 
45 29 7 
32 7 33 29 
37 27 7 19 53 52 
37 7 53 
19 7 18 
7 29 33 8 
7 19 
35 7 23 
7 35 54 
7 56 
7 35 8 5 19 
7 56 18 32 
37 7 
38 7 
18 7 5 27 
26 7 37 45 
7 45 34 
18 22 7 5 
5 7 
7 37 
5 7 27 
5 23 7 
7 34 27 
35 45 7 23 
7 5 26 
46 29 34 23 7 
7 27 22 54 
7 27 19 37 
7 42 53 
55 7 
7 8 18 
15 18 7 
7 19 32 45 
7 45 
27 18 53 7 29 21 
7 29 
34 7 
37 27 7 
18 7 45 34 
7 52 
34 40 7 
7 53 
7 56 8 
34 7 29 
7 54 
32 7 5 35 37 23 
37 32 29 5 7 54 33 19 
7 19 38 
37 18 5 7 
7 23 19 54 
7 23 
19 7 42 27 
18 7 
18 7 34 
18 7 22 38 41 34 
19 18 7 
27 7 45 37 15 
27 7 15 
40 33 7 
7 8 
5 7 46 29 
7 27 19 
19 7 
23 14 29 33 7 36 21 55 19 
14 44 7 
7 22 45 
33 29 7 27 35 53 
29 7 35 
7 54 19 
18 7 54 19 35 
