29 44 15 
15 6 
7 15 
26 7 15 
54 15 
56 15 
45 15 43 26 39 44 6 46 55 19 56 
15 7 34 40 6 
22 15 7 29 
6 15 
41 15 51 
15 52 
6 7 5 15 
45 37 54 15 
15 23 
15 19 55 
15 35 
45 15 
37 15 
15 27 
8 15 19 55 53 
15 55 19 
19 15 
15 40 
15 52 54 
6 52 15 19 35 
15 7 
5 29 33 15 27 6 
6 53 15 40 35 
39 15 
44 15 
52 15 
15 6 22 18 
51 15 52 54 
15 6 2 45 
36 15 8 
39 26 34 23 45 15 
23 38 6 15 51 
35 15 52 
40 15 19 
55 15 
45 15 36 44 
15 45 43 26 6 7 40 
15 55 
6 35 15 
35 53 6 15 
40 15 
45 5 15 2 
43 15 42 
15 39 56 55 
15 45 
43 15 44 39 
7 15 37 
15 37 18 45 
51 52 15 
34 41 6 15 8 
19 15 35 
15 7 26 53 40 
6 15 51 34 37 
15 53 
23 15 56 35 
45 54 15 
15 22 44 45 
15 37 
35 15 
36 39 15 37 
45 6 15 
44 39 15 6 
15 6 26 
45 7 15 
22 7 15 35 
6 15 52 
8 56 15 
26 15 40 
23 15 
35 15 6 40 
37 35 15 
15 6 34 23 
38 15 56 
6 7 22 15 
15 19 
6 31 15 26 23 
15 6 53 
45 15 42 
52 7 45 15 6 
55 19 15 53 
6 5 19 15 
21 15 
7 40 26 15 
27 55 15 56 19 
8 15 
56 15 35 6 
34 51 6 15 36 43 
15 42 29 
31 15 39 
29 15 35 51 
21 15 19 
7 26 44 39 37 53 23 15 55 
51 15 
40 6 41 51 52 15 54 35 55 19 
15 22 6 
45 15 34 
15 6 55 54 
15 8 
6 55 15 
45 15 6 42 
15 7 46 
40 6 22 15 45 
18 27 14 15 
52 6 15 
36 15 
15 38 
52 55 15 19 40 
6 26 15 45 2 52 
7 6 19 15 
15 6 55 
35 15 54 
15 44 
7 23 15 8 
15 19 53 
14 39 35 26 29 19 15 40 
15 56 
42 15 
15 26 
22 15 45 
5 27 7 6 34 15 45 
23 6 15 
15 6 52 
15 45 6 
2 19 40 15 
42 26 5 54 7 32 15 45 
56 26 15 
