34 51 54 8 
34 42 
45 51 34 
52 39 45 34 
6 34 42 41 51 
34 41 
42 45 34 37 26 
34 51 
45 34 15 42 51 41 
41 51 
45 34 
51 34 55 54 53 19 
34 42 51 
34 41 42 52 
34 37 53 
34 39 
41 34 
29 34 42 41 51 55 
45 34 41 39 42 51 
34 29 22 
42 51 41 
34 42 55 41 2 
42 56 34 55 
51 34 22 
34 5 
35 51 34 6 
34 42 41 51 
22 42 38 45 34 41 51 
18 26 34 
51 56 41 22 
51 42 29 
41 51 34 
56 34 42 
34 42 51 21 
34 51 41 
42 51 41 34 
19 34 
51 22 42 
45 34 15 42 41 
34 19 
42 22 34 
45 22 34 14 41 42 
34 41 26 
37 34 
51 38 34 42 41 
34 55 
34 52 46 
53 34 
34 51 42 41 
22 34 45 42 
34 41 56 
42 51 54 
34 42 45 
34 51 54 19 
8 34 
34 42 41 22 51 
45 34 38 51 
41 38 34 51 22 42 
51 41 
26 34 
34 41 42 51 
