19 8
34 51 54 8
55 8 2
14 23 34
6 52
39 6
29 44 15
7 54 35
34 42
29 54 19 6 2
8 52 53
35 23
37 35
45 51 34
35 23 6
6 35 53 37
15 6
7 15
52 39 45 34
39 6 27
56 53
8 2 15
45 40
27 7
2 37
5 23 26 34
53 8
52 2
6 37
26 7 15
52 53
8 2
37 19 27
56 19
2 6 19
7 55
7 8 35
45 44 37 56
45 27
32 33 6 14 39
6 53
45 6 42 2
14 7 45
35 2
6 34 39 43
6 2
45 7
2 35
6 34 42 41 51
54 15
56 15
35 45
23 53
35 53
19 56
45 6 5
54 19
56 8
15 2 35 18
40 53
52 21
2 19
45 15 43 26 39 44 6 46 55 19 56
37 55
8 56 35
49
34 41
15 7 34 40 6
7 45 2
35 19 52
14 2
22 15 7 29
54 35
34 23
6 15
6 19
7 6
37 49 35 53
45 6 2
27 46
54 35 55 53
36 19 5
56 2
56 52
42 45 34 37 26
7 5 22
23 52 35 53 19
37 5
35 27
35 52
19 54
45 6
6 41
41 15 51
52 55
7 23 27
5 19 23
53 52 8 56
37 53
55 56
6 54 19
45 21
55 19
23 8
2 52
34 51
22 51 42 23 27 21 7
39 21
15 52
6 7 5 15
40 27
23 7
45 37 54 15
6 40
18 26 49 35 55 56 53
36 39
45 8
6 27 19
23 31
15 23
5 41
54 53 2
2 52 35
45 34 15 42 51 41
41 51
54 6
22 49 45 34 6
23 35 54
53 35
45 26 40 35
6 52 2
55 35
45 41
37 55 53 2 35
27 29
45 52
15 19 55
7 53 55
15 35
8 7 22 23
37 19
19 54 2
56 35 52 55 2
52 35
54 19 29 33
23 19 54
45 15
23 6 54 19
35 53 56 52
6 36
52 37 7 38
27 19 35
35 27 51 19
5 7 27 18
45 23
8 52 2
8 44 56
2 39 52 29
45 33
37 2
39 27 36 37 8
19 55
22 52
23 35
55 52
52 2 53
55 2 56
45 8 29 5 53
7 53 19
37 15
2 39
6 44
37 35 19 53
27 7 5
7 5
26 19 29 55 56 54 23
6 18 22 45
15 27
53 52
2 27 52
53 35 6
29 37
39 7
42 40
56 55
40 23
42 46
33 19
27 6
18 7 39
29 19 54
45 31 39
29 27
6 39
55 2
53 2
7 19 54
8 53
27 42
35 37
56 37 53
8 53 56
7 35
55 8
7 42
27 19
23 55
40 2
8 15 19 55 53
45 6 52 35
7 46
15 55 19
19 15
15 40
19 35
54 6 27 46 22
35 53 54 21 23 15
19 40 54 36 29
15 52 54
39 19
31 53
6 52 15 19 35
15 7
8 6
23 36 2
37 8
8 2 52
7 18
51 35 53
45 51
7 27
5 29 33 15 27 6
6 53 15 40 35
53 2 19
39 15
45 34
39 6 40
44 15
6 56
52 51 5 27
23 54
35 54 8
45 43 42 34 6 40 2 15 41 52 8 19 35 55 54 56
27 35
51 34 55 54 53 19
23 19
5 42
34 42 51
7 27 22 18 5
26 35
2 15
44 19
27 19 52
22 45 27
27 6 52
53 6
35 55
55 40
6 27 2
23 21
34 41 42 52
23 8 56 54
42 27
8 5
6 35 53 7
7 27 22
7 36 54
51 52
52 15
37 21 8 53
27 8 5 35
6 27
6 43 35 39 23 15 21 29 33 52 2 19
8 35 6
21 23
6 53 27
5 52
29 41
23 2
55 6
54 55
27 36
23 27
52 6 23
52 19
15 6 22 18
51 15 52 54
35 39 37
2 6
53 52 2
6 5
6 36 35
15 6 2 45
39 40
56 35
35 56 8
6 55
7 34
6 55 49
6 49 26 2
53 35 37
36 15 8
40 6
52 8 56
55 37 2
35 54 6 8
53 19
40 23 27
56 55 2
34 37 53
5 26 45
39 26 34 23 45 15
2 21 55
35 53 6
52 56 2
14 39
23 38 6 15 51
52 8
6 18 23
53 55
5 37
8 41 19
34 39
52 18
35 15 52
45 6 8 40
35 52 53
35 53 37
45 6 51
27 19 54
19 54 35
40 15 19
27 22 18 7 23
55 15
46 7
52 41
45 44 43 39
45 27 7
45 15 36 44
35 19
43 44 36 2 52
52 8 19 54
6 26
8 37
18 2
41 34
23 19 35
36 46
39 53 2
29 34 42 41 51 55
45 34 41 39 42 51
8 56
46 8 19 35
19 37
15 45 43 26 6 7 40
8 7
15 55
35 6
26 52
45 19 35
34 29 22
37 27
7 39 6
6 35 15
35 53 6 15
55 56 54
40 15
29 55
23 2 35 21
7 54 40
37 6
43 19
42 51 41
45 19
45 44
34 42 55 41 2
40 21 23
6 44 22 27 45
45 5 15 2
45 26 53
7 14 18 39
27 18 7
45 55
27 18
56 8 35
21 35 19
33 26 2
45 29 7
32 7 33 29
6 45
18 26
37 27 7 19 53 52
43 15 42
29 8
2 8 23 56
56 2 53 35
37 7 53
19 7 18
42 45
7 29 33 8
5 55 8
36 27
15 39 56 55
39 35
53 35 23 8
45 39
42 56 34 55
7 19
29 19
35 7 23
52 6
51 34 22
18 43 55
7 35 54
7 56
46 36
52 8 53 2
34 5
15 45
7 35 8 5 19
56 51 53 52
41 52
27 41
43 44
29 33
2 56
6 33 29 41
42 35 40 53
35 23 53
45 36
35 51 34 6
7 56 18 32
42 41 35
43 15 44 39
7 15 37
34 42 41 51
22 42 38 45 34 41 51
45 26 6
15 37 18 45
6 53 52
42 41 35 15 8 2 55 53
7 2 40 6
19 53 37 2
26 6
54 39 18 21 6 27 35
51 52 15
8 37 35
29 54
6 55 8
8 35
34 41 6 15 8
8 54
53 2 36 44 39
37 7
18 26 34
26 29
23 53 55 2 8
52 54
2 45
6 54 52
51 56 41 22
33 23
19 15 35
19 53
15 7 26 53 40
6 35
8 56 52
6 15 51 34 37
44 27
27 6 46
41 53
15 53
38 7
23 15 56 35
37 5 27
51 42 29
36 33 19 29
45 54 15
27 52
22 45
41 51 34
15 22 44 45
18 7 5 27
19 5
37 52 8
56 34 42
27 54
15 37
19 2
45 29 32 35
35 15
6 39 18 22 45
6 27 45
36 39 15 37
35 8
41 2 52
26 7 37 45
52 53 2
41 35
33 55
34 42 51 21
5 18 27
5 19
23 29
55 5 6
21 55 52
45 6 15
7 45 34
2 27
27 52 39
44 39 15 6
53 52 56
19 53 52 2
53 27
43 45
41 51 55 53 40 37 2 35 54
29 56
15 2
51 40 23
37 45
37 54 53 6 35 15 52 19 2
41 39
39 55 8
8 35 6 27 2 23 52 40 15
15 23 2
2 52 6 35
55 21
40 35 8 19
15 6 26
15 8 2 53
37 35 53
23 52 2
45 7 15
6 45 7 34
2 53
22 7 15 35
6 15 52
6 35 7 19
8 56 15
6 49 52
19 54 27
26 15 40
18 22 7 5
26 23 6
5 7
7 37
23 56
5 7 27
6 54
22 42 6 52
26 19
23 15
2 8
43 40
39 23 19 27 52
6 19 2
35 15 6 40
6 46 2
45 46
37 39 42
37 35 15
55 56 8
15 6 34 23
5 23 7
27 21
6 7 26
19 38 26 6 29
31 5 14
22 39
22 44
38 15 56
22 42
27 55
34 51 41
35 54
29 34 23
23 53 37
15 55 2
35 42 27 53 52
7 34 27
34 23 27
40 19
6 7 22 15
42 19
23 41 19
7 21 27 23 29 19
45 42
42 51 41 34
15 19
49 37
52 23 19 35 54
23 21 19
39 44 52 53
35 45 7 23
7 5 26
46 29 34 23 7
8 23 6
7 27 22 54
53 35 2
45 2
7 27 19 37
6 31 15 26 23
8 54 19 6
7 42 53
38 54 2
33 27
37 35 41 56
6 37 41
7 18 6 41
15 6 53
21 54
6 41 55
33 27 23 21 6 29
37 27 53 19 23
19 34
53 35 2 8 52
2 37 52
5 22 43
55 7
36 35
36 14
55 23 51
32 35
33 2
7 8 18
45 15 42
53 56 2 52 37
52 2 19
35 55 53
23 37 8
35 37 52 53
34 23 39
53 19 8 35
15 18 7
6 34 15 19 54 53 52 2
27 26 35
19 40
44 39
33 18 5 38 32
23 33 21
52 7 45 15 6
55 19 15 53
6 5 19 15
53 35 19 52 55 15
22 35
37 35 23 21
21 15
54 40
45 6 52
21 26
37 54
6 7
23 52
7 40 26 15
27 54 37
33 19 37 2
27 18 5
14 45 43 6 36 56
27 55 15 56 19
38 41 55
27 29 53 35
39 45
7 19 32 45
8 15
56 15 35 6
51 22 42
55 8 15 41 2 35 52
35 56
7 45
52 8 19
8 35 56
29 35
53 6 35
23 35 53 21
19 52
55 39
34 51 6 15 36 43
2 8 35
15 42 29
27 18 53 7 29 21
45 34 15 42 41
7 29
26 43 53 52
22 6 35
31 15 39
18 23 56 54 55
31 45 6 26
29 15 35 51
40 8
41 8 56
55 26 37 27 44 2 8 56
53 2 15 35 19
33 29 23 35 52
39 2
21 15 19
33 52 6 56 55 19
23 52 55 56
35 8 52
6 27 7
5 2
56 55 19 2
7 35 27 6
37 52 55
34 19
34 7
49 8 52 35
37 27 7
55 54 19
7 26 44 39 37 53 23 15 55
53 52 19 35
51 15
5 35
40 6 41 51 52 15 54 35 55 19
27 45 41
8 56 21
27 52 2
8 53 52
23 8 54
54 19 2
15 22 6
5 26
18 7 45 34
45 15 34
42 22 34
7 52
2 55 56
21 5 19 23 2 53 8
2 35 55
37 29
7 39 6 35 2
45 22 34 14 41 42
34 40 7
42 6
15 6 55 54
15 8
23 37
6 51
7 34 27 49 6
6 55 15
34 41 26
7 53
45 15 6 42
35 5 41
7 56 8
15 7 46
37 34
14 52 53
42 37
45 39 49
40 6 22 15 45
23 54 35
23 39 36
34 7 29
21 33 29 19
35 8 56
51 38 34 42 41
43 36 42
35 43 39
7 54
27 2
32 7 5 35 37 23
27 39 6 19 53
37 32 29 5 7 54 33 19
7 19 38
52 35 53
34 55
41 29 54
56 21 52 2
35 53 7 26
35 8 19
52 53 35
55 2 54 6
5 27
45 44 55
55 18
56 6
14 7 27 6
27 6 26 45
53 39
27 53 8
38 42
37 18 5 7
56 15 55 2
35 29
7 6 54
45 5 19
39 53
6 52 19
27 23
19 8 56 37
41 8
7 23 19 54
55 42 2 35 23
6 2 45 22
18 27 14 15
55 19 54
27 54 23
56 8 52
56 42 41 53 37
34 52 46
6 27 35
53 34
37 23
45 37
45 14 6 5 8
7 23
19 2 52 6
6 45 34
52 6 15
8 19
19 7 42 27
35 27 2 52
6 18 45 34
18 7
19 35 23
54 33 53 52 55
21 23 2 52 8 19
34 51 42 41
22 34 45 42
39 37
56 37
18 7 34
34 2
34 41 56
23 53 45
5 27 35
42 51 54
53 8 2
23 19 53
19 40 27
34 27
26 6 45
51 55 22 41 42 56 8 37 35 27 53 52
36 15
2 35 53
34 42 45
15 38
18 39
8 35 21
18 7 22 38 41 34
52 55 15 19 40
35 21
52 39
51 55
23 26
34 51 54 19
23 21 33
32 18
52 15 35 37 2 53
21 35
8 34
56 53 52
45 34 6 43
23 34 8
23 41
27 40
56 37 8 52 53
27 37
39 29
29 5
8 21 41
19 18 7
2 54
39 36
53 40 23
52 6 22
37 46
27 7 45 37 15
6 26 15 45 2 52
27 7 15
29 23 56
7 6 19 15
8 15 35 2
18 23
52 53 8
22 40 6
15 6 55
32 45
29 33 32 23 27
40 33 7
23 55 56
19 39 52 41 51 2 37 6 55
55 41
35 15 54
7 8
54 52 35
27 2 55 53 56
35 53 2
14 54 19
8 40
34 42 41 22 51
7 35 6
45 35
45 34 38 51
21 52 2
5 7 46 29
14 36
15 44
8 56 53 52
39 36 29 35
53 52 8
7 27 19
46 8 52 56
42 56
7 23 15 8
35 40 54
53 37
23 37 2
52 35 2
19 7
49 27
27 35 54 19
52 53 35 2
23 14 29 33 7 36 21 55 19
41 2
23 2 52
23 52 53 8
41 38 34 51 22 42
37 35 2
53 35 52
51 41
14 44 7
53 52 36
18 33
54 27
37 53 6
8 23 52
56 37 8
36 29 56 33
22 23 41 8 53
6 27 53 35
15 19 53
45 40 27
26 34
8 19 2
55 56 41 8
14 39 35 26 29 19 15 40
40 21
8 2 35
15 56
5 40 23
40 31 6
6 8 45 7
42 15
52 31
15 26
27 26 31 35
22 15 45
6 33 52
56 53 35
7 22 45
40 56
5 27 7 6 34 15 45
15 34 23 27
33 29 7 27 35 53
56 53 55
55 6 35
23 29 21
23 32 33 29 35
8 41 56 5 19
33 54
54 23 27
18 6 19 5
23 6 55 41 8
29 7 35
55 8 29
45 53 54 2 35
42 6 29
53 35 19
34 41 42 51
23 6 15
19 29
6 42
8 34 23
56 55 19 53
15 6 52
36 19 52
2 35 8 19
37 52
56 52 19
51 39
15 45 6
2 19 40 15
27 6 18 26 22
52 2 8
42 26 5 54 7 32 15 45
7 54 19
45 40 23
22 6 2
56 26 15
35 19 23
39 6 55
40 23 35
18 7 54 19 35
8 2 54 55
