23 13
50 25 47 20 48 9 1
1 50 9 48 19
16 19 11
27 50 25 9 10 4 23 53 19 47 11 1 28 37 16
25 50 1 9 16 47 19
9 25 50 47
37 17 28 4
47 9 1
53 52
3 17 1 25 4 35 52
1 19 9
17 50 47 16 19
37 25
25 9 11 4
1 50 37 52 4 20 11 19
48 50 19 16 35 47
28 1 37 9
31 6 10 26 3 23 11 17 15
16 20 37
53 11 10 20 16
3 19 25 11 16 48 47 50
10 1 50 9 3 47 6 19 16 8 48 54 25
47 48
35 11 52 2 17 53 25
3 17 10
45 47 2 4
47 50 1 16 19
37 7 27 19
4 16 15 20
16 47 50 1
48 25 9 50 47 19 3 16 17
48 50 19 16 47
9 47 23 1 50 16 19
3 13 20
50 10 25 13 9 23 19 1 48
28 16 47 20 15 13 4 50
47 11 16
16 4 55
28 4 55 20
37 11 47
17 3 28 4 20 42 7 53
13 25
54 50 47 9 16
1 9 48 25 16
11 3 38 28 2 54
50 9 16 1
3 1 23 11 16
10 4
11 33 4 28 17 27
47 9
13 2
2 4 13 11
9 25 17
11 16 48 19 47 1
8 52 4
13 23
19 4
19 50 11 13 55
28 25
3 9 19 16 50 11
1 53 9 56 48 16 17
25 19 17 20 9
11 17 28 52 15 4
40 3 20 17 47
9 3
37 19
13 50 9 47
1 11 25 28 19 20
2 25
50 23 11 1 13 19
37 9
52 20 28
50 54 47 25 9 16
50 41 37 6 11 4
19 23 13 4 53 11 50
11 28
48 19 37
4 3 52 53 11
20 37
11 4 19 34 9 37 50
17 47
17 50
23 4 19 11 1 17 48 47
52 19
13 3 2
19 25 17
17 19 25 1 20
13 9
17 9 41 11 4 50 13
11 50
54 16 10 1 47 9 48 4
9 20
56 4 28
19 13
9 41
11 23 37 54
9 19
11 9
9 1 16 47
4 20
9 17 53
25 20 19 35 13 9
1 9
37 1 13 19
47 25 9
25 20
50 9 13
9 37
1 50 37
19 25 1 9 3 47 50 17
9 25 8 16 50 11 19 13 1
48 50 9 34 17
34 9 51 54 10 11 3 8
4 3 28 20
9 8 52 11 55 10 2 47 28
28 37 9
9 1
23 37
16 19 25
20 35 4 13
17 11 1 53 20 37 50 52 6 15
17 16
9 13
6 20 48 17 25
35 37 41 56
37 20
2 25 50 23 47
10 48 47 16 54 9 17 21
23 19 13
17 16 20
16 47 13 9 48
4 50 55 28
50 37
28 9
50 55 4 19 23
19 3 6 41 55 4 13 25
48 52 10 3
23 13 19
1 20 19 48
13 1
1 13 20 9 11 16
19 17 50
37 48
48 1 19
9 25
9 4 1
23 29 6 21 17 16 11 27 33
50 23 17 13
50 13 4 1
13 8 1 11 9 17 50
1 9 47
25 9 1 20
9 11
13 17
17 4 16
4 16 17
4 28 10
20 19 37
11 48 19 28
35 3 9 37 48 13 11
19 37
13 9 25
47 28 16 50 19
11 13 23
47 29 48 1 50 11 19
9 50 1 47
19 50 56 25
35 37
23 11
19 1 48 25 47 50
1 19 13
50 11 4 17 1 20 47 48
19 9 50 47 48
28 13 23 48
48 9 50 8 19
34 23 3 16 11 9 14
50 16 47 3 20
16 37 11
28 16 48
50 19 9 48 13 10
13 47 37
16 19 9 1 50 47
16 29 4 19 25 50
47 6 1 16 4 25 52
11 50 48 16 9 1
50 11 48 10 1 28 55 4
50 47 9 48
3 9 50 25
47 28 10 6 39 3 17
1 17 9 48 16
3 47 28
50 4 7 11
16 37 13
25 9 1 11 28 17 20 48
16 34 28 1 9 47 48 17
25 16
44 4 15 47 17 16 55 28 29 13 3 10
4 47 11 16 45 25 3 1
9 47 10 15 28
25 9 50 16 47 55
19 16 7 9 35 54 47 50
17 4
17 20 13 3
1 9 48 28
16 20 3 4
19 25 50 1
25 16 2 11
42 34
25 19 1 50
16 13 1 47 50
20 54 17 29 1 47 16 50 9 37 48 2 6 25 19 11 28
9 28 52 53 8 50
35 23 50
4 47 55 50
11 52 10 37 35
3 34 16 51 45 10 17 50 28 47
19 28
11 4
16 20 9 28 17
19 2 16 47 17 1
17 1 47
17 1
28 16 4
16 47 9
13 11
19 50 9 1
10 3 4 47 55 17 50 48
52 3 28 10 47
17 11 16 47 1
1 25 16 4 47
37 50 53
13 19
20 47 1 17
35 28 47 6 23
9 48
11 6 37 1 50 3 53 35
9 50 16 47
4 39 50
25 48 9 28
1 28 3 6 15 55 47 50 16 10
17 20
3 20
13 19 9
9 28 50 15 7 1 4
52 1 48 47 34 45 10 39
27 47 50 3 25 4 39 6 16
50 37 52 41 1 19
4 28 56 53
28 16
48 9
47 19 9
16 55 1 25 11 10 19 47 3
1 9 47 16 50
50 1 47 28 19
20 28 51 3
52 15 20 8 2
9 28 56
16 50 40 47 10 20 55 19 45 4
20 48 25 16 13 7 3 27 9 1
25 37 50 1 19 11 2
47 9 50 19 17 48
48 23 20 26 5 28 16 34 17 4 19
1 50 10 4 16 45 25
47 13
4 7 47 48 16 17
1 50 19
53 8 50
10 1 50 47 16 4
52 2 10 3
16 47 3 20 17 25 28 37 10 11 1 48 9 6
17 11 28 16 3 20 25 10
55 20
55 48 47 16
25 16 1
16 25
1 17 19
9 17
50 1
3 26 25 4 11 7 9 15 28 16 20
25 1 35 50 17 47 16 23 19
52 53
28 1 4 50 48
10 8 2
37 20 1 48 9 4 27 28 3 19 50 11
1 15 16 47
20 1 28
9 28 55 1
47 34 50 19 48 16 9
13 9 19
50 19 17 56
17 28 48 35 47 16
10 47 55 1 9 3
50 1 16
19 11 2 6
28 10 47 3 50
52 23 9 2
13 23 50 1 48
19 3
47 9 1 7 50 16 25
1 50 9 19
9 17 25 1
17 47 9 25 7 1
47 25
1 17 25 16
10 21
4 7 55 9 3
28 35 37
16 17 4
35 25 8 7 4 50 11
45 44 37 11 56 3 17 48 10
50 28 1 4
19 47
19 9 47 16 50 1
9 19 27 45 1 11
10 11 48 50 1
28 9 16 47 52 1
9 11 13
50 55 47 20 1
13 32 3 39 6 14 4 33 10 1
16 4 19
47 6 20 3 10 16 53
11 17 20 4 51 28
1 48
54 16 50 25 47 48
25 10 50 34 47 16
50 1 8 9 52
4 5 28 50
28 20 17 15
47 37
50 11 4 19 9
16 1 50 25 20
16 9 17 50 4 10 47
10 4 17
3 53
45 3 6 50 48 20 42 2 55 11
50 9
50 16 9 19 1 25 47
10 11 3
19 16 42 4 48 55
37 11
50 9 28 17 1
4 16 17 54 37
28 13 16 7 55
11 16 47 50
10 50 7 14 4 1 45 3
1 47 9 17 50
9 16 47 50 1 17
11 4 3 47
1 16 47 11
16 25 50 9
47 16 17 20 35 4 48
28 55 47
19 9
47 4 28
53 11 3 4
47 1 9 16 19
11 50 16 19 25
48 25
20 16 3
50 16 47 35 2
50 19 28 4
47 48 16
4 39 11 17 6 43 48 10 34
4 19
16 10 11 47 52 3 20
20 2 6 16 9 17
3 11 23
52 17
47 9 37 16 19
19 47 48 1 18 3 16 50
19 16 47 17 9
9 10 17 28 55 11
47 7 45 16 48 50
50 47 1 9 17 16 48 28
25 37
28 4
52 13
4 6 28
50 35 28 16 2 4 11
34 42 16 51 6 28 41 4 1
4 48 9 1 47
20 23 13
19 25 37
1 47 11 19 45 9 50
13 20 11 17 2
16 54 47 50 9
17 28 20
10 48 47 16 55 1
4 54 15 19 17 47
56 37 4 15 28
47 19 20 3 50 16 54
3 23 16 47 6
16 17 47 19 25 20 13
47 28 17
19 3 17 50 47 35 16 45
13 53 52 23
23 9
2 52 50 47 9
16 47
3 17 9 47 4 13
7 28 9 16 1
17 47 50 19 16
4 17 47 1 9 10 16
9 48 47
9 25 37 47
17 28
23 9 20
1 9 13 47 50
9 23 13
50 47 19 16 9
4 11 8 56
53 3 35
28 3 48 4 56 9
10 28 17 56 19 47 16 11
47 20
13 5 20 17 50 16 45 47 11 6 10 9 48
1 25 13 19 16 17 50
28 19
1 19 9 50
16 1
50 11 25 37
4 11 48 28 1
4 47 5 17 10
28 10 19 3 54
28 37 48
9 52 6 20 2
1 4 47
55 48 4
10 19 15
50 48 11 16 4 9 47 25 1
9 47
37 17 25
4 37 1 20 2 11 35 15 18
28 3 52 20
3 28 10 47 19 50
16 50 6 47 9 48
47 13 37
19 23 1 47 37 4
20 11 3 53 4 40 47 1
48 52 21 11 19 47 9
50 20 16 19 4 28 37 2
4 8 19 47 11 10
15 43 26 17 39 44 6 46 9 11 47 50 56 28 10 4 1 3 45 19 55 20
25 28 10 1 19 11 16 48 47
37 9 3 55 4 20 47
48 47 13 9 25 45 16 50 1
4 10 1 11 50 23 28
23 1 37 10 47 50
9 35 56 8
9 1 13 49
17 3 20 11 16 4
50 16 19 47 1 25
3 4 11 34 48 16 50 9 41
1 13 11
28 34 20 16 7 15 17 6 47 40
1 28
28 9 1 17 19 10 48
7 16 17 20 10 3 45 2 9
50 47 17 4
52 37
52 37 16 47 3 35 17 25 20 4 1 10 28 19
3 11
1 9 48 16 50 47 17
6 19 11 9 4 50 1 17
3 10 9
9 8 1 50
50 13 9
48 6 28 50
1 3
19 23 50 16
23 25 14 10 13 2 16
48 50 9 20 3 1 28
17 19 48 9 1 28
13 7 15 1 22 29 47 10
54 47 1 35
47 9 50 1 16 19
1 25 50 47 9 19 16
47 23 19 34 48 17 16 28 3
9 16 19
3 8 20 23 2
4 6 15 47
25 4 17 16
48 13 1 9 25 47 50
7 1 6 17 4
23 28 4
48 47
37 47 49 35 53 50 48 9 3 17
19 42 17 34 3
40 47 9 4 10
3 2
3 39
52 28
50 13 17
13 28 1 9 15
50 4
3 17 52
16 9
3 45 20 2 6
16 1 47 17 25 4 19 20 9 54 48 28 13
16 48 1
20 3 11 4 50 1
16 27 46 4
13 47 23 48
11 4 25
28 47 48 50 25 19
55 53 17 28 35 54
25 1 47 50 48 16 17 19
16 19 47 4 20
23 11 9 10 16 47 48 50
13 4 20 28 17 16
50 36 19 5 20
28 9 47
2 17 16 20
56 3 2 20
15 20 10
11 17 20 56 37 23 1 28 4 13 52
37 17
55 47 50 4
10 11 47 3 48 1 17
9 51 28 4
48 25 19 13
4 11 3 9 47 20
48 9 4 55 16 47
4 17 20 48 3
47 45 20 3 4 42 34 37 26 50
11 17 28 47 20
22 20 1 28 17 10 7 50 5 47
35 13 53 19 20 11 4 1 23 52
16 17 20
9 1 16
11 16 1 48
9 50 16 19 48 1 47
28 53 3 13 9 1 10 25
17 5 37
3 25
11 4 17
47 25 19 11 9 16
9 1 11 55 16 47 50 3 6 7
9 54 1 16
28 4 20
16 23 47 9 50 1
50 16 48 9 1 28
27 20 35
20 4 16
11 1 20 52 35
50 9 1 19
4 10 15 3 20
56 37 13
50 16 9 13 47
50 47 16 9 1
23 4
1 21 50
47 25 50 19 9
11 51 4
11 45 9 6
54 25 19 47 50 1
20 17 55 16 48
11 48 47
9 47 25 19
19 1
37 28
3 28 6 11 17 47 10 41 4 20 19
15 20 51 41 3 10
13 9 28 50 16 47 23 1
16 4 1 47
48 9 25 50 17 1
1 17
52 9 55 13 23
19 16 54
9 1 20 47 16 13 19 23
47 5 19 50 1 9 23 16
25 9 47 8
47 50 16
50 15 9
17 27 9 11 1 16 23 47 7
28 4 16
9 16 54
4 13
50 3 47 16 9 45
50 9 53 56 52 47 19 8 1 16
50 16 1 15 25 11
53 13 48 9 17 37 50
3 47 4
48 19 16 50 47
13 52 17 16 9
11 41
9 28 20 50 4 17 56 55
19 54 6 4 16 13 48
28 3 48
1 50 47 19
25 45 9 17 19 47 21
50 11 52 55 19 4 28
23 11 4 17 3
19 9 16 47 25
1 50 16 47
16 20 19 50 28
9 48 17 1 47 16
47 4 19 48
11 2 17
1 9 50
55 3 10 20
50 4 3 47 48 10
48 9 17 1
11 3 28
9 55 25 28 47 1 17
25 9 50 16 48 1 47
23 8 16 17 47
1 9 50 19 28 47 11 17
55 47 17 23
9 19 20
3 28 17 15
50 10 11 16 3 47 4 7
25 11
56 23
28 20 3
19 25 11
28 23 13 25
50 9 16 47
4 25 9 47 16 50 1
10 9 3 1 19
47 19 48 16 4 27 1 9 50
2 3 52
6 16 17 52 9 1 47
17 3 16 7
11 25 23 17 48
10 17 9 47 1 6
39 3
17 16 34 4 51
22 9 10 1 27 23 21 17 3 7 50 51 42
35 20 11 28
39 21 1 9 3 11
16 50 47 9 11 1
4 47 15 16 52 28 25 50 19
9 50 19 1
20 25 11
1 4
29 37 50
3 28 11 25 4
6 47 16 50 9
52 16 3 20
20 37 13 10 50 47 9
4 55
6 17 15 4 10 5 1 7
6 28
16 13 1 4
4 11 19 9
7 3 9 23 11
27 40 47 11 4
17 10 52
1 28 3
34 1 19 3 16 17 9
50 19 4 28 16 20
1 16
4 48 47 50
16 10 19 4 3 55
19 1 25 47 48 50
2 9
28 9 50 15 54 25 37 1 17 47 11 45 3
50 1 47 28
3 11 4
52 50 2 11 4
9 47 13 25 16 48
48 16 9 50 19 3 47 1
16 1 50 9 25 47
28 11 20 52 3 2
4 11 37
11 55 35 49 26 20 28 13 56 4 18 10 3 25 53 17 37 50
17 47 20 28
47 52 20
27 48 16 47 50
10 37 20 6 47 40
39 10 3 1 50 36
50 1 19 9
37 19 25 20
17 2 52 13 3 47
9 28 25 1 47
50 48 8 17 3 28 16 47 45
1 3 6 17 9 19 27 16 10
17 50 10
52 23 9 47 4 31 3 50 17
15 4 3 11 19 23 13 16 50
37 25 10 50
17 9 19 1 4 41 16 25 5 47
47 16 9 17 3
28 1 50 47 48 17
16 9 25 17 47 50
35 48 4 9
28 1
7 1 11 17 13
47 50 1 16
25 3
10 37
28 20
54 53 17 2
16 47 4
28 10
19 4 25 11
13 1 50 37
17 27 28 4
1 9 16 19 50 47 48
9 50
25 48 55 37 28
16 47 13 3 9 50 17
27 10 4 16 50
25 9 16 48 50
1 16 20 2 52 35
47 16 11 50 19
34 45 15 19 3 51 42 28 41
3 10 16 28 1 4 17 47
10 8 47 11
41 17 51 11 50
9 25 1 10 15 47 50
53 11 1 50
28 50 16 20 3 17 45 25 22 34 6 49 9
10 54 6 47 3 28
9 16 50 19 25 13 47 1 23
50 47
48 35 4 54 50 23 47
16 20 28
4 10 28 15 23
50 1 16 47
35 53 16 11 3
3 4 25 47
35 40 26 47 45 50
37 16 9
3 20 47 16 50 9 15
2 48
52 6 4 3 11 16 2
4 9 28 25 11 10 1 55 35 50
1 9 4 50 28 16 25
37 4 28 9 11
48 50 16 3 47 1
13 16 17 28
37 13 4 48 3
47 23 16 50
41 50 45 19 20
17 55 20 35 52 37 47 10 2 53
17 11 1
11 16 29 3 47 27
48 47 16 1 9
52 16 17 20 3 4 10 45 28
3 9
9 1 25 55 10 19 50 15
8 48
28 1 48 13 50 17 53 7 4 55 47 25 9 20 52 11 16 37 3
9 28 47 4 11
13 35 1 52 16
19 9 16 47 27
15 35 47 19 48 9 4
4 50 1 45 10
47 1
4 28 17
23 22 7 3 28 4 8 16
3 15 50 37
28 25 23
19 1 9 3 37
4 11
47 17 37 4 19 28
16 52 19
20 35
23 15 3 10 47
9 16
17 48 47 4 9
50 13 47 16 28
50 3 47 16 9
16 34 48 1 17 50 47
19 54 2 17
47 9 7 4 48
28 52
2 55 52 35 25 28 56 11
47 16 50 9
48 47 3 17 1
3 17 10 20 48 4 2
47 16 20 13 50 28
50 28 21 17 4 10
47 50 48
47 48 19 45 10
17 9
52 3 19 9
10 28 16 47 23 19 50 9
2 4 3 20
11 47
11 17 4
48 9 50 47 11
3 52 1
25 19
50 17 4 47 9 25 48
48 52 4 50 35 11 19 1
50 28 56
25 48 20 28 50
17 37
50 16
11 23 28 41
11 1 50 16 9
4 1 54 50 47 48 19 29 13 33 9
4 28 50 16 47
25 48 4 13 11 54 17 1 47 16 19 9 50 23
1 47
50 10 4 47 28
47 11
50 11 54 16 13 17 6 1
52 9 11
17 4 47 15 11 6 20 9
20 3 45 17 15 16
47 4 20 25 10
37 25 9
4 17 9
16 19 47 11 48 1 7
28 13 19
17 54 19 23 20 28 47 6
56 13 1 25 53 35 4 52
52 50
9 1 55 47
37 52
1 48 17 36 6 11 3
50 19 20 17 9
38 13 7 37 52 11
19 9 17 47 50
27 50 35 19 10 3 4 25 11
52 11 55
1 25 9 35 27 48 50 51 19
9 47 25 1 54 19 17
37 9 23 13 47 19 50
28 4 35 48 16 2 47 17
47 3
4 17 10
9 25 1 11 21 16 47
11 4 16
9 19 11 52 50 2 17
11 6 15 20
19 50 47 9
25 28 1 37 4 47
16 1 5 9 7 18 25 48 27
3 10 11 50 16
10 55 1 47 17 4
20 3 47 34 1 16 4
16 4 47
11 1 16 7 17 47 3
48 6 10
15 4
4 1 16 9 50 23 45 47 48
52 35 1
13 3
9 50 17 1 19
4 3 10
50 16 17 48
9 25 13 50 53
9 28 50 16
37 47 8 52 2 11
50 55 11 9 20
50 48 3 55
28 11 2 20
16 4 20
3 4 10 6
20 4 47 16
4 28 56 10 44 8 3
3 50 9 47
29 50 20 2 39 47 52
11 34
10 4 45 33 50
47 1 2 37 16 17
3 47 17 4 50
48 47 25
19 16 17
13 19 23 9
50 55 28 3 10 47 4 39
27 50 39 1 13 8 37 20 36
52 50 9 4 3
28 13
47 8 52 50 1 28
16 50 48 1 9 25
9 28 3 34 4
25 9 47 16 50
3 16 9 47 50
19 47 1 50 11 16 3
28 47
47 50 16 1 28 9
19 48 17
17 20 13 9 25 28
47 16 19
20 17 16 9 19 55
3 10 17 4
52 17 20 16 22
3 50 28 29 4 20 16 17
13 23 17
11 23 1 10 47 35 3
17 20 4
10 28 4 55 20 52
25 9 19 17
48 1
50 1 9
52 4 25
50 16 48 47
23 50
20 2 52 4
48 47 25 50 16
25 28
11 20 50 37 53
9 19 16 11 13 50
53 50 19 52 2 20 1 16
20 56 10 55 17 2
11 3
9 16 4 17 13 47 48 28
19 48 6 10 4
17 28 25 48
3 23 4
5 9 10 29 8 4 50 19 53 17 11 45
9 1 25 27 19 48 47
10 47 50 4 1 53 9 11 19 7
20 3 16
35 48 50 1 9
50 9 19 25 47 16 45 11 1
1 16 17 9
28 9 17 16 50
19 9 25 16 17 3 47
37 28 17
3 4 25
17 47 28 9 11 6 3
10 6 28
48 50 25 19 47 16 9
16 47 19 55 11
2 52
15 28 20 25 16 37
2 28 11 39 10 16 3 17
10 3 6 4 44
52 10
5 48 1 9 16 47
53 35 37 19
7 4 27 1 11 5 9
3 9 17 10
50 9 19
28 1 47 16 50 17
4 2 28 11
52 3 11
52 17 2
16 47 17 28 4 9
4 5 7 17
47 3 56 13 11 20 4 9 16 26 48 54 1 50 17 19 23 29 28 55
47 16 28
1 11 2
1 16 11 50 37 13
17 3
3 4 45 10 6 18 22 1
4 13 17 28 19 47
55 45 4 9 10 1 50 20
15 20 3 4 47 16 19 27 11
28 17 48 4 47 9 52
28 16 25 50 55 40 11 47 48 45 3 9
50 9 11 13
13 50 54 47 35 9 11
50 9 4 47
52 16
52 1 20
9 11 25 23 50
50 20 25 19 10 11
52 50 35 17 20
2 11
17 4 6 28 11 9 1 3
40 47 10 3 55 45
10 1 47 16 9 55 50
1 16 19 54 28
50 48 47 9 19 54 16
16 7 13 47
4 20 53 52 3
16 4 3 48 25 17
11 10 4 17 45 50
47 13 20 48 16
28 6
52 16 11 1 20 4 27 2 17
28 25 3 13 11 20
50 53 25 35 6 16
11 16 50 10 3 4 48
2 47 20
23 1 54 16 9 50 19
28 17
4 9 17 48
25 50 16 3 28 1 35 17 4 11
19 25 13 23
9 16 28 48 47 34 17
1 4 16 47 50 3 29 37 13
9 1 47 13 11 25
16 9 1 13 3 28
4 9 16 54 17 50 25
3 7 25 50 10 19 28 39 1 4
48 25 50 16 13 20 9
50 1 20 25 9 47 19
16 18 50 19 4 47
1 47 50
4 9 13 17
47 16 25 9
20 1 40 3 42 16
47 42
16 17 55 50 47
37 50 20 19
50 48 4 56 28 17 47 9 55 19 10
48 16 47 9
13 7 16 4 1 50 47 55 48
11 10 28 17 50
16 17 47 3 28
19 3 9 50
48 9 16 1 17 25
11 2
25 47
11 25
19 50 28 16 25 1 23 40
16 46 47 42 3 4
16 1 4 47
25 16 19 47 50 33
1 27 17 20 16 9 6
9 1 50
15 28 50 9
23 37 25
19 7 9 47 16 50
28 50 16 55 47 10
48 47 19 55 50 16
11 3 37 13 50
19 17
16 17 3
17 7 18 37 20 39 50
29 17 19 50 47 13 54
10 3 28 31 39 45
37 52 1 11 8 9
29 47 50 1 27 48 25 13
16 47 50 10 1 11
11 16
11 35
9 19 13
48 20 50 1
17 6 39 47 3
37 47 9 25 28
25 27 11
50 47 28 45 55 10 11
1 9 3 6 52 13 4 16 50 2 47
35 23 4 28 10
37 2
4 23 10 25 47 16 50
20 55 2 23 19 1 17 11
17 48 16
4 20 11 17
28 47 17
11 6 19 9 54 55
2 53 52 3 19 17
50 56 55 10 16 1 9
48 7 50 9 16 47 19 54 1 25
47 10 3 20 16 4 27
19 4 9 28 13
50 47 28 9 1
16 37 50
48 47 9 50 19
11 28 52 53 8
1 9 25 42 47 50 17
48 19
11 3 9
4 15 6
40 3 10
48 25 37
50 47 11
50 3 20 17 11 10
37 55
13 27 1 50 3 9 42 47
50 28 10 4 7 9 1
20 35 11 9 37 4
11 4 56 17 37 53
17 47 50 54 11 1 48
47 16 1
11 2 4 3
16 39 3
3 8 53 56 28 37
4 3 7 47 35
15 1 10 47 48 17 3 20
16 47 55 8 50 9
48 16 3 42 47 7 4
16 48 19 9 27 47 50 4
10 3
55 28
11 16 48 2
1 10 16 50 3
47 17 16 48 50 10 25 19 1
3 11 4 9 47 19 28
23 16 47 50 17 48 19
25 55 4 23 10 13 47 28
16 4 52
6 10 28 50 17 47 16
1 16 47 9 50
3 52 50 23
28 11 48
47 10 1 48 9 28
28 50
17 19 50 47 10 2 37 3
20 11 10 40 4 2 28 48 17
13 15 10 19 52 55 11 53 1 20 8
10 11
50 10 1 9 47 48 16 19
11 6 52 35 45
25 2 47
20 10 11 7 25 4 46 3
16 13 28 19
27 47 45 9 50 16 19
56 52 20
28 1 47 19 50 25
13 25 1 16 9
16 48 47
48 47 50 9
4 48 55 19 47 28 10 15
9 23 4 13 16
47 9 48 1 16 19
10 55
4 16 11 52 2 3
9 19 25 48
37 47
17 37 4 19 15 10
15 40 47 28 17
4 47 19 13 50 35 25
16 20 54 6 27 10 9 46 22 4
16 48 8 1
28 1 37 9 50
15 3 9 23 21 54 13 1 53 10 35 50 47 19 16
23 13 17
48 9 16 17 19 50 1 47
53 9 52 11
17 13 54 25 16 50 4 9 29 36 47 40 19 1
1 25
37 52 3 53
48 17 11 1 3 4
17 37 9 50 16 47
47 48 4
10 44 4 28 3
1 52 28 50 13 41 9 23
17 35 28 4
50 37 3 13 20
9 47 50 25 1 3 11
4 6 11 50 25 48 10 47
25 1 9
9 28 47 20 4 52
47 50 13 11 4
1 19 47 4 9
9 1 15 11 37 54 16 50 52
1 47 16
19 48 16 54 17 50 20
53 13 1 11 4 37
50 19 16 1 47 9
4 47 25
16 7 11
1 19
7 9 16 1
47 19
50 1 17 39 10 19 28 13 11
50 53 4 9 16 47 19 31
9 28 10 20 3 6 4 52 15 37 1 13 17 50 25 19 35 48 23 11 47 16
47 1 16 7 4 10 15 19 9
23 19
15 11 4 50
28 20 1 17 9
9 1 35
15 11 50 3 47 16 9 10 17 1
16 48 17 50 19 37 25
1 11 9 3 36
48 50 13 9
47 16 28 50
4 52 11 48 1 50
4 8 11 6
1 16 4 10 23 50
9 10 3 54
6 17 28 20 16
50 10 20 28 47 17
17 23 13 9 10 37 2 36
17 20 16 52
54 47 16 3
17 28 35 19
28 11 50 8 37
50 28 48
3 10 17 11
18 1 7 17 4 16 13 11
20 52
50 16 47
25 50 35 19 17 4
50 54 4 6 11 1
13 50 23
2 52 3 13 8
4 47 10 45 7 11 20 28
11 28 3 55
34 17 51 3 10 16 13 4
13 50 37 54 1
4 51 11 53 35
47 1 3 9 51 50 16 11 45
50 7 27 47 3 25 17 20
16 37 28 11 3
3 50 11 10 15 28 47 16
29 5 10 16 47 50 11 33 27 6 15
55 13 47 17 25
19 25
2 52 16 50
9 3 19 10 28
53 6 3 16 20 15 40 35 25 47
47 50
50 6 47 11 17
20 47 23 13 25
16 17 37 20 28
16 9 13 53 2 19
4 25 17 9 1 47
10 50 39 3 4 47 16 19 25 17
16 11
20 52 15 44 10 47 4
15 39 13 11 16 3
4 34 3 47 50 55 45
28 25 17 47 15
40 4 6 39 17 3 10 28
28 4 9 50 19 11
16 47 28 19 9 6
47 25 4
50 13 23
50 28
47 17 55 48
56 6 47 11 19
3 17 4 47 45
1 2 13 20 25 19 16
47 23 50 48 9 19 54
50 19 47 9
11 47 23 13 15 20 28 9
28 47 1 51 5 9 27 4 48 52 50
50 9 1 3 25
52 17 1 16 20 4 28 6 10 3
47 35 54 17 8 48 11 25 19
37 11 17 9 29 16 25
35 16 4 17 47 50
47 25 10
2 15 41 17 10 45 13 28 42 19 55 52 34 3 1 6 40 11 35 16 48 20 43 54 23 56 25 50 9 4 8
17 47 23 20 28
16 9 19 10 47
16 54 47 28 50 19 17
48 16 1 47 9
27 16 25 9 28 35
34 3 50 54 55 19 53 10 25 4 51 1
48 1 9 11 47 50
10 17 50 47 7 48
19 13 23
1 9 19 13
17 50 47 19
52 17 4
3 4 16
5 19 42 1 9 50 16 47 48
2 3 9 48 15
50 11 4
9 17 3 42 13 1 4 51 11 34
47 25 3 4
11 17 35 13
28 27 11 9 16 5 18 1 50 7 22
4 26 11 28 35 10 3
9 8
37 23
20 19 16 13 37 9
50 9 47 7 19 16 25 1
16 50 1 17 47 9
2 52 11
17 26 16 4 47
4 25 47 10 44 19 9 48
47 20 28 11 4 19
19 4 35 47 9 11
9 1 2 56 50 16
19 13 1
50 16 47 37 19 4 11
16 3
11 4 28
35 17
11 37 25
17 6 3
11 16 19 28 13 25 50 27 52 1 4 9
1 16 35 4 13 3 20 47
23 13 19 2
4 16 27 47 45 1 22 11 9
11 17
50 48 9 16 47 1 19
4 10 48 9 50 35 16 55 47
47 11 4 17 16 20
52 20 3 10 28
52 9 27 3 55 17 6
28 53 4 52 6
3 17 50 4
40 55
1 4 54
28 9 52 17 47
13 47
19 25 17 20 3
35 11
48 16 4 17 47
50 19
27 48 47
27 11 6 17 47 16 48 2
47 25 9 13 1 50 11 16
11 25 10 21 1 13 50 23 52 17
17 11
11 52 41 34 42 10
6 16 20
13 4 1 56 52 54 50 23 8 11
19 50
1 4 11 6
1 11
41 17 11
9 1 42 28 27 48 47 3 50
16 40 28 50 4 1 47
15 37 19 28
25 15 9 50 47 48
25 28 17
9 19 17 1 25
48 9 16 50
3 13
8 28
19 1 10 25 28 9 47
10 1 48 55 28
4 47 10 28 55
47 4 25 15 16 17 3 10
16 4 8
19 11 52
4 28 37 47 9
28 55 1 19 9 37
13 16 11 17 47 9 25 48
6 1
13 16 9 5 8 1
1 20 17 10 45
28 48
11 23 13 6
55 13
3 10
3 16 10 20 50
19 16 9 48 25 17
4 48 47
1 16 48 47 28 9
28 7 53 47 35 6 20
47 25 16 1 19
25 9 16 17
50 1 17 28
3 10 52 37
1 37 47 16
17 22 1 7 11 25 50 27
9 47 17
3 9 10 54 36 16 7
47 10 11 13
47 16 23
37 25 4 48 11
47 11 2 4 10 17
50 1 48 26 3 47
9 16 47
16 6
50 19 1
19 1 48 54 47 50 9
37 19 25 9
47 50 48 16 1
55 50 4 47 20
14 47 17 19 3 50 16
3 39 16 13
9 13 16 25 50
4 16
50 47 16 11
3 52 48 11 51 25
17 25 9 37
7 25 4 9 16 45
37 17 20
9 17 55 3 4 13
13 47 16 4
17 25 16 47
52 16 3 4 20
17 47 3 16 54 25
4 40 17 3 28 16
23 28
1 47 16 40 25
11 20 37 52
19 9 47 1 23 50
52 4 9 15 19 47 3
28 8 3 37 13 21 53
53 13 3 25
15 13 1 4 28
37 1
11 4 37 13
53 13 3 34 37 11
55 23 37 3 6 11
28 17 1 9
1 55 20 28 2
45 5 50 28 3 26 20 17 4 47
48 1 27 17 50 35 52 5 9 8
50 1 9 16 27 6
11 13 3 17
52 4 17 28
20 13 17
9 4 19
13 20 11 1 4 9
1 51 17
13 20 28 2 4 16 19
25 47 50
17 47 50 48
20 52 15 4 2 17 6 1 16 9 47 11 43 25 39 3 19 50 28 23 35 33 29 13 21
50 13
20 8 16 17 3 52 6 35
9 47 15 3
9 16 11
2 3 20 52
13 23 48 9
25 11 4 19 1 50
9 1 47 54 50
53 11
50 1 55 13 28 4
9 19 3 35 52 2 48
3 20 28
11 41 13 28 16 50
50 47 19 16 21 48 23 9
4 25
15 3 28 4 47
17 20 28 15 9
47 17 37
11 9 37
53 4 27 16 3 9 6
47 9 48 10 15 16 1 28
48 47 9 1
50 5 9 52 1 16 19 47
16 11 48 37 47
3 50 17 9 16 47
16 28 4 11 5 25 50 55 20
23 50 48 2 19 9 13
10 17 28 4
17 16 50 1
1 9 13 28 17
13 23 9
10 4 47 55 9 50 13
16 9 15 39 28 17 3
16 55 10 17 4 9 53 1 47
37 47 9 2 1 11 48 16 28 50 20 17 4
19 17 13
19 16 50 9
47 9 10 1 17 16 28
47 50 17 29 41 28
48 16 50 1 7 47
47 28 9 16 13 1
19 16 9
10 14 13 23 37 3 47 9
11 10 17 4 9
28 23 16 9 2 1
25 52
52 50 17 11 3
3 28 52 15 19 16 20
20 2
4 28 55 6 9
17 55 52 13 4 47 9 16
54 1 55 4 50 16
1 3 37
34 45 10 17 50 48 4 47
3 50 48 47 20 25 35 1 9 16
52 4 17 1 47 6 10
48 19 47 29 1 9 16
17 3 32 13
25 4 50
47 10 4 3 17 16 27 36
11 20 50 19 23 17 27
28 1 9 16 50 55
25 11 50
50 6 28 16 47 3
16 2
4 11 25
50 47 9 16 1
9 48 1 16
11 52 4 17 48 23 6
7 17 10 4 28
25 1 48 9 11 19 16 37
16 1 4
47 11 52 9 19
32 3 11 10 4
1 47 9 19 11 16
28 25 20 17 37 16
19 37 25 9
22 3 15 1 6 17 18
48 28 37 9
4 37 20 50
50 1 13 47 9
15 4 51 28 20 54 17 52
17 9 25 19 1
55 16 50 47
19 55 1 50 10 9 17
11 4 1
16 50 11 20 10 19
50 37 39 35 3
6 2 28 4 16 3 52
52 20 55
19 9 54 23 13 50 1
4 11 3 28 16 37
52 11 4 10
47 11 1 56 4 10 50 19 48
16 11 3 17 6 5 4 10
50 2 52 53 11
47 50 25 13 9
11 52 4
50 48 47 19
25 19 50 3 9 4 1
9 50 16 17
47 10 50 4 1 11 8
35 6 9 3 11 4 20 36
47 1 25
4 3 9
13 19 23
2 11 17 48 3 45 9 15 20 52 16 6
47 25 20 1 50 17 6 4
47 13 19 20 23 54 4
9 1 48 13 28 50 16 19
39 17 9 48 19 1 40 3 25 47 50 16 10
4 35 19 16 28 11 56
20 4
47 17 28
10 9 4 47
9 1 47
1 48 47
28 6 3 52 20
47 48 1
50 11
50 9 1 19 48 8 56 35 16
47 25 28 11
4 1 25 50 16 47 9 19 48
1 16 23 13 47 25 19 9
47 4 11
50 53 11 28 4 9 52
1 50 48 28 47
55 16 4 6 17 28
11 17 10 9 7 19 34 16 50 1
25 1
28 17 16 25 19 50 10 3 1
17 19 9
48 49 47 6 1 55 16
2 17 6 26 4 49
28 25 9 48
3 50 4 9
1 26 28 52 20 4
13 9 25 50
47 16 4 11
28 1 42 4 9 37 10
19 3 50
50 9 55 16 47 48 3 1
17 3 47 50 9
28 37 50
8 10 3 52 4 2
11 28 50 52 35 3
3 11 37 1 53 16 35 4
10 17 20 28 1 9 16 7 48 50 4 47
50 23
1 19 48 25 20 16 17
50 16 19 9 47
1 47 17
10 27 4 11 20 3
47 10 9 4 19 28 3
50 16 1 9 56
47 54 50 16
48 47 1 50 3 18
6 4 18 7 11 41
9 25 16
11 47 19 1
8 10 9 47 55 15 36 1 3
9 17 1
55 16 4 28 15 48 9 10
25 16 48
47 4 13 20 55 50 16
11 10
9 48 25
47 4
4 13 23
19 25 47 1 16
6 40 47 9 10 28 16
55 17 47
17 16 28
17 9 19 11 28
52 48 3 47 8 56 16 1 4
1 48 16 2 50 47
47 16
11 9 37 55 17 2 4 20 52
25 11 47 4 35 54 6 8 9
47 48 19 25 50 53 9
16 13
52 3 16 11 48
16 25 19 50
9 4 23 13 50
1 27 9 19 28 40 23 50 16 17 25
7 9 4 19 10
16 25 17 50 3 7 1
4 20 25
4 50 42 19 9 47 1
23 9 25 19 11 13 3 16
44 47 16 10 3
55 56 10 4 28 9 1 2 13 16 50
28 23
16 1 9
47 16 9 25 50
15 10 34 23 26 16 47 45 39 4
47 50 1 16 3 19 9
9 11 48 4
13 16 10 47
4 20 28 53
2 50 17 4 3 13 21 55 28
3 11 28 10 16
53 4 6 11 35
9 4
35 47
4 3
1 16 13 23
1 52 9 19 50
9 16 48 37
3 16 48 1 47 10 17 35
25 50 47 16 17 48
13 37 16 11 3 50 20
11 48 4 20 52 3 17 16 1 28 50 56 9 2 47
1 20 53 11 16 3
14 28 9 55 11 10 19 39
3 17 50 4 19 16 25 28
25 23 38 6 15 51 4 10 3 50 1
19 37 1
17 50 9 47 16
17 9 28 16
47 17 11 9 55 28 4 16 19 1 3 35
3 8 52
48 9 50 54 13 1
3 28 4 18 6 47 16 23 11 20
1 50 16 19 9 47
28 23 19 1 10 48 47 16 50
16 1 9 28 55 53
47 50 48 25 37 13 9 5 1
47 23 13
1 25 16 11
16 48 9
11 9 50 23 16
47 48 9 16 27 50 1
19 50 16 47 1
9 54 10 16 4 50 1 48
19 6 47 40 50 11
9 16 23 19 50 11 8 13 41
28 13 50 1 25 19 48
9 17 19
14 3
17 3 6
4 28
11 54 50
50 1 13 19 3 47 48
16 3 39 47 17 20 34
28 3 52 9 23 13 4 17 50 1
16 48
20 28
4 48 18 1 16 3 20 47 52
23 20
3 35 28 10 45 4 50
50 11 52 28 4 17
1 23 9 50
10 52 20 16 15 35 3 4
47 50 11 4 17 1 13
16 28 4 10 7 48 47
19 1 4 13
35 10 19 1 50 16 47
13 48
9 11 13 50 6 28 3 1 40 25 8 16 17 45 48
50 28 16
10 16 35 53 28 3 52
4 11 35
48 9 47 50 19
9 16 17 1 47 50 19
17 11 35 37 53
17 20 1
37 35 2 11
50 9 47 1 35 20 17 28 37 3
4 17 10 47 45 51 6
50 9 47 1
1 4 54 11 50 9 13 25 16 17 27 55 47 48 19
16 47 17 25 19 50 1 9
47 4 50
50 48
54 50 16 37 1
16 48 47 9 10 25
16 50 4
9 3 20 10 55 48
19 9 1 50 4 47 16
50 19 54 35 9 47 25
6 37 17 16 25
25 17
17 48 47 9
48 16
3 17 48
4 50 19
9 48 25 17 28 50
25 50 5 1 7 9 16 47
4 2
16 4 17 35
1 47 20 28
9 28
6 47 20
55 11
40 15 1 3 19 17 25
28 50 52 17 20 13 23
50 9 48
1 50 9
50 1 37
47 9 16 4 2 17 50 19
4 27 7 45 47 17 11 28 20
20 19 47 17
25 10 47 9
15 36 3 10 16 9 4 44 45
10 4 45 6
37 23 25 16 9 19
16 28 20 2 10 3
1 48 37 50
4 9
48 11 28 25 47 17 9
19 16 23 50 7 18 22 1 27 9 25 20
15 55
3 50 23
11 17 9
1 50 16 47 3 4
3 10 1 47 16
4 25 47 19 28
9 53 10 4 47
47 50 19 4 20
46 16 9 11 7 1
13 23 3 19
25 11 52 13 41 1 4 9
9 16 50 1 13 23 47
48 19 47 9 50 1 16
10 28 3 39 4 43 45 44
1 19 4 25 11 47
1 10 20 15 4 28 50 11 19 16
19 1 25 47 50
47 28
19 35 11 47 9 50 1
48 47 16 55 50 10 7 1 9
9 16 53 50 52 1
9 1 50 19
20 48 9 16
10 4 11 3 1 28
4 50 20
20 28 6
19 11 3
53 20 50 1
3 28 19 8 16 1 11
3 47 16
47 50 3 16 1 25 19
50 53 9
19 47 50 4 11 45
1 50 10 35 47 4 16
50 1 16 19 9 47
1 3 4 36 52 44 43 2 10
19 9 1 28 11 17
9 16 25 1
25 16 1 9 37
13 54 19
55 16 28 9 10 4
6 17
9 47 19 15
47 16 19 28 51 4
16 1 23
8 47 52 3 4 54 19
48 4 45 11 55
6 28 26 17 47 3 1
50 47 20 3 9 25
16 17 11 20
28 50 37 25 20 19
48 15 25 10 9 20
50 19 1 28 16 48 4 6
9 28 16 50 54 17 1
2 11 35 3
17 37 11
1 17 28 37 8 3
4 28 11 7 10
19 48 9 47 16 50
52 28 4 16 47
18 47
16 25 50 1 3 11
3 28
50 11 47 20 3 17
4 52
28 11 25
16 19 9 1 17 50 48
47 16 20 23 13 15 4 11 55
11 16 48 13 9 1
19 11 25 48 1 47 16
17 47 50 15
4 17 9 47
19 9 50 20 16
48 37 19 1
9 50 16 1 23 25 47
47 1 48 16 9 28 50
8 10 20 16 9 1 50
17 47 1
10 19 20 17 3 28 1
47 17
10 37 4
52 11 35
10 16 4
48 4 47 55
1 37
35 11 47 9
1 11 50 4 19
50 11 19 2 18 13
52 1 35 11 20 4
1 11 50 28
50 6
2 17 20 1 28
15 10 16 47
47 1 34 19 50 9 16
55 10 4 11 48
16 4 41 10 17 47 3 34
23 1
19 20
9 17 8 19
9 3 47 36 4 46 11
4 19 17 23 13 52 35
37 47 23
50 19 17 9 4 11 53 25
16 3 6 55 45 28 47
47 9 19 1 16
37 9 48 19 28 25
9 47 1
11 56 17
23 37 50 52 47 13
34 29 51 16 20 13 10 41 4 42 55
10 28 48 16 4 25 17
2 53 39
17 16 9 50 1
48 17 50 28 37
17 16 50
28 55 16 11 47 50
17 1 11 4
16 19 25 11
55 45 34 41 3 39 42 4 51
3 37 25 35 13 16 10
16 4 1 9 47 19
1 28 47 16
50 9 1 8 56 52 28
3 10 13 28 52
47 16 50 1
50 47 16 4 25
13 46 9 35 4 48 19 47 8
3 37
3 25 11 6 10
52 11
28 3 41 17 9 16 48 1 20 47
17 6 47
54 17 9 48 16
13 10 47 4
9 50 19 25 1
2 11 23
50 11 1 10 13 56
9 20 28
1 48 16 9 17 52 2
47 19 4 1 37 3 50 25
17 50 20 47 9 8 4 48 10 7 19
17 47 50 55 9 48
26 20 45 7 6 40 10 15 3 43 47
56 28
16 47 19 20 11 28
25 9 37 20
19 23 13
16 47 9 50
8 9
50 19 25
9 11 16 1 46
17 20 4 9 13
17 47 4 5
20 4 15 55 47
28 20 55 1 48 56
10 3 9
25 9
19 16 1 9 47 50 48
52 17 26 25
35 6 3 4
55 47 9 4 19
50 17 47 9 11 1
9 3 48 47 16
19 50 9 47
47 17 48
17 16 35 19 28 45
47 16 9 50 23
47 16 9 50 19 1
9 1 54 48 47 16
22 28 4 17 34 10 16 1 29
9 27 37 50 19 11
25 9 20 3
20 9
3 7 39 6 28 16 47 48 20
28 3 20
35 15 23 6 19 10
47 53 3 16 19 15 11 6 4 35
54 4 3 20 56 10 28 55
50 19 16 47 25
17 3 4 37 11 1
19 1 23
50 28 37 11 9
25 52 1 47 15 10 19 50 40
37 29 55 28 20
23 11 9 10 21 13 35 17 2
10 54 7 50 40 16 9
4 3 55 1
1 50 52 17 2 11 19
1 16 50 48 9
48 4 13
3 37 6 4 11
48 17 4 50 47
17 4 10 20 2 11 35
1 19 11 43 4 9
17 9 48 47 25
10 4 2
20 17
4 9 51 41 42
17 47 9
2 17
1 48 9
9 4 13 19
28 37
1 20 17 47 11
44 4 55 37 28
16 1 9 28 50
16 28 9 1
50 16 17 20 10
1 19 48 16 9 45
55 56
28 45 10 4 3 44 17
3 11 42 50 41 55 34 2
1 50 25 40 47 21 3 23
17 2 50 16 11 4 47
10 3 44 4 22 27 45 6
11 25 48 9 3 17 54 47 16 1
3 11 20 52 17
1 20
23 3 17 11 50 16
1 9 48 19 50 55 16 20 10 4
53 11 37 52 1
19 1 47 16 9 54
3 17 13 7 47 29 33 8 1
50 47 3 40 4
9 17 50 48
53 45 48 26 17 28 3
3 20 4
3 28 17
10 3 20 47 50
37 17 9 50 48
9 10
11 1 19
50 18 3 16 7 47 14 1 39
3 17
16 18 19 47 27 9 48 7 50
35 13 21 47 19 11
20 45 55 3
4 13 47 9 28 3
48 47 4 11 39 3
4 1 27 50 18 11
3 4 47 19 1
8 35 48 10 47 56 9 17
19 9 13 23 52 1
50 9 4
4 37 47 19
2 26 4 33 13 11
4 39 16 11
34 47 28 17 3 4
7 29 45 3 50 4
50 3 47
52 1 15 35 28
1 4 10
17 16 4 28 47
47 9 52
11 4 2
33 29 17 7 32 13 1
1 50
4 50 16 47
3 18 16 4
11 37 28
50 11 25 37 1 48 47
10 2 11 4 35 3
11 4 47
47 9 11 6 50 19
6 1 45 4 17 20
16 4 37 9 11 25 48 47
47 48 50 7 9 1 16 20 25 17
17 4 45 6
26 1 3 18 17 19 4 9
50 55 48 3 4
7 27 37 3 52 53 19
3 47 9 4 10 15 43 17 42
9 8 28 29 4 17
8 2 56 23
10 4 11
9 17 54 1 10 48 50
2 28 4 20 3 56 53 10 35
25 28 47
1 9 47 19 17 16 7 18
45 17 11 16
53 7 37
20 42 4 45 3 17 48
48 9 50 54
8 3 55 5 1
47 7 50 48 1 9
13 16 47 7 48 9 50 25
50 36 27 17 47 1
10 47 1 11 4 50 9
36 10 4 52 28
10 11 3 28 17 55 15 56 39
3 39 35 10
6 17 4
8 11 35 53 23
3 4 20 45 39
52 2 4
6 4 37
1 19 50 9 54 48
50 17 3 35
13 28
34 4 19
28 42 55 34 3 56
7 9 1 4 17 16 13 50 19 25
35 48
19 50 47 16 25 9
19 9 1 7 16 50
16 28 41
52 2 3 20
11 50 3
27 7 9 17 13 47
11 3 2 52
3 56
4 50 11
47 25 13 29 1 9 48 19 50
20 48 17 50 3 19 1 4
4 25 19
8 23 11
7 48 35 4 16 23
37 52 3 20 16 6
25 4 27 11 6
17 34 10 4 16 22 37 51 28 20
17 28 16 7 48 47
55 28 26 10 4
18 4 43 55 48 3
47 54 16 17 28 4 7 13 1 35
23 50 48 47 4 19 16
3 28 47 17 6 10
47 3 56 20 4 7 10 28
47 1 17 28 9 16
47 25 1 55 13 3 6 16
50 13 41 1
28 48 10 4
47 1 11
16 46 17 36 1 4 13 9 25 11
2 4 53 8 52
1 54 48 47 16 50 9
6 8 17
5 3 34 19
19 54 1 9 48
10 17 3
50 17 9 19 16 47 54 1
15 11
13 16 17 9 25 23
16 45 17 15 28
4 1 11 9 16 39 7 3 20
9 20 25 19 16 50 1 40 11
48 9 50 13 4
4 10 47 11 50 55
8 19 1 5 4 7 16 35
48 17 3 1 47 50
16 19 17 11
40 11 4 47
7 10 17 6
55 19 1 11 9 16 28 47 50
11 35 9
50 10
10 25
17 45
8 52 11 4 50 9 19 13
3 4
17 9 47
47 32 20
4 16 7 1
47 28 20 4 1
47 15
18
20 29 13
7 3 27
3 1
17 10 39 4 1
53 28 56 52 51
50 6 4 11 17
41 1 9 28 52 10 3 13
41 27 4 11
44 20 43 10 9 11 47 48
47 23 1
9 11 1 35
50 23 13 17 1
28 11 4
47 9 16 50 25 1
48 47 19 1 50
10 19 1 23 50 9
48 1 33 47 29
2 16 20 56
10 20 17 25 47
3 11 16 17
16 1 48 9 13 47 27
47 16 37 6 11 1
33 11 41 23 29 3 6 13
7 48 9 50 1 19
23 19 50 9
37 11 17 1 3
11 3 10 9
48 10 15 3
9 48 50
18 48 4 16 47 1 25
47 8 48 1
13 16 50 47 54 48
11 25 50 48
16 50 1 9
4 42 20 53 40 35 11
19 10 39 3
55 48 23 13 56
48 13 11 10 4 16 28 47
4 17 16
3 41 17 20 34
28 47 9 3 26 20 4
47 48 39 4 28 3
53 1 23 35 50
37 52 55 3
36 45 3 4 47
17 54 16
25 9 1 50 17
48 1 15 4 9
34 28 51 6 35 17
7 16 56 10 18 25 1 17 32
48 16 47 50
4 9 55
3 13 35
3 6 52
48 1 16 23 9
9 3 27 16
28 10 17 7 9 3 16 1 15 4
28 23 9 50 13 47
6 3 10 26 17 47 50
28 13 48 11 3 16 35 42 41
21 16 13
10 39 16 43 15 4 44 20 3
16 47 48 54 19 1
4 19 47 48 38 17 11 16
3 37 25 16 7 1 4 15
10 19 25
42 41 4 11 3 51 34 50
39 3 17 10 15 28
16 4 38 42 22 41 51 28 17 34 45
16 47 48 4
26 10 4 28 48 20 17 6 45
53 13
53 52 28 11 17
4 7 50 9 3 16 47
18 4 10 45 37 25 1 15
4 47 6
53 4 52 10 17 6 20
4 10 20 6 26
19 4 20 9 47 10
50 37 3
45 2 20 17 15 10 5 4
53 4 16 17
19 25 20 28 17 16 10
17 50 13
28 4 10
28 1 11 50 16
47 9 48
47 50 13 20 1
11 17 3 15
35 1 3 11 25 47 19
2 4
17 11 52 19 16 47 55
20 55
50 1 7 47 16 25 19
2 41 11 55 42 8 15 35 3 53 47
19 48 1
50 13 17 1
52 4 6 40 25 11 2 20 3 1 17 7 47 16 50 10 9
47 48 4 50 37 16
4 50 16 28 47
53 37 2 28 19 10 50
50 52 11 19 28 17 23
25 35 10 17 27 4 3 6 21 20 18 39 1 54
10 1 55 25 4 17 16
19 17 16 26 4 28 25 6
51 11 10 48 9 15 52 17 19 4
4 9 6 48 47
9 13 1 47
37 20 48 17
47 48 10
37 8 35 11 4
47 16 13 1 48 9 17
48 9 4 11
47 1 9 19
9 25 19
19 1 16 47 9 52 50
50 10 11 4
54 50 1 19 29 16 47
50 25 4 47 17 16
6 48 50 8 13 11 28 20 55
25 16 13 19 17 1 50 9 11
9 17 37 47 28 16
16 37
8 3 35
19 50 1 9
1 50 11 28 4
25 50 37 19 1 9 47
6 34 41 47 15 19 10 8 17
50 48 9 47
25 50 47 27 9 1
1 19 16 3 47 17
11 47 54 1 8 17 4
55 4
15 17 23 28
28 4 48 47
25 17 16 48
4 47 1 39 3 44 36 2 53
1 50 11 16 47 48
4 17 16 1
16 9 37 17 52 25 48 47 7
48 1 17 52 47 16 50
4 34 26 18
48 13
16 50 11 1 29 9 17 26 47
1 28 19 50 3 17 45 6
28 2 8 23 9 16 47 53 13 55
55 3 9 20 1
4 9 19 20 50
37 13
1 54 25 9 47 48 52
16 28 20
9 50 13 25 19 47 1
48 9 50 19 1
1 19 48
9 17 28
50 17 11 45 2
35 1 9 16 50 47
1 4 2 50 28
4 17 11
25 23 13 47
47 16 11 55 19 50 28 10
9 3 48
50 52 54 3 11 6
28 56 51 22 3 41 16
1 23 13 33 50
10 35 25 11 20 1 47 4 17 23 15 19 16 3 28
9 48 17 53 19
1 16 19 17
47 3 9 50 11 19 16 1 13
20 26 1 11 53 4 17 40 9 10 47 19 25 15 50 7
10 8 16 9 48
37 2 55
19 16 47
3 20 19 47
35 16 19 25 48 13
16 28 34 3
55 20 17
16 11 28 17 3 15 20
1 19 50 11
16 4 11 6 13 47
11 6 35 10 4
4 19 11
16 17 4 28
35 50 3
13 50 52 8 28 56
25 9 19
11 55 25 1 47 20 50 10 3
4 3 10 9 48 27 47 44
16 3 28
13 28 4
47 20 19 1
19 47 25 6 9 1 16
47 28 48 37 25 9
16 47 8 1 17
55 28 4 52 10 16 20
19 9 1
28 1 3
35 19 37 1
7 1 25 13 19 48 47
13 8 16 48
50 1 25 47
9 23 47 16 48 1 19
19 47 25 54
16 1 48 9 47 50
47 17 9 16 48
11 9 19 4
1 50 9 54 25 16 47 19
9 28 15 19 50 10 37 6 34 4 51
9 47 16 3 46 6 19 27
16 17 19 1 9 20 47
16 52 3 11
50 1 17 19 16 11 25 3 28
37 53
53 3 41 23 10
35 47 1 3 50 16
1 9 4 55
9 15 53 4 11 17
50 47 46 10 1
38 9 1 25 16 47 4 50 3 7
1 47 52 28 9 17 16
47 16 9 2 6 1
16 13 9 28 25 4 1 37 6
20 4 25
1 47 23
35 4 13 20 11 56 47 23 15
55 28 16 47 4
11 6 20
50 48 16 1 28 17 9
4 5 52 27 3 37
1 9 29 48 42 51 13 4 50 47
4 1 21 52 10
17 19 23 9
3 1 36 33 19 29
9 19 16
13 10
19 11 27
1 25 9 37 16 54 47
1 53 48
25 23
47 50 17 7 28 1 25
15 1 47 54 45 28 4 3 10
3 10 4 16 47 9
9 16 1 47 25
1 40 47
1 50 16
13 16 1
10 3 35
28 1 48 47 50
9 13 37
17 47 9 48 50 4
1 47 9 25 50 48 19
10 16 4 28 20 15 3 17 25 47 45
3 54 4 9 16 47
40 11
47 23 13 1 9 19 48
1 55 16 47 9 37
9 50 47 1 3
19 4 11 28 1 16 20 25 47
4 1 3 17 19
37 9 16 11
9 16 52 17 11 4 27
20 47 28 3 17
1 23 4 3 19 11 16
13 25 19
28 45 22 4 10 47 13 50
20 3
3 50 45 16 1 47 48 17
4 17 34 51 10 20 3 41 11
15 28 22 4 10 44 16 45
4 37
53 10 20 9 28 4 52
13 20 17
25 15
1 54 4 47 10 3
11 18 7 5 9 25 27 1 16 19 50
3 9 40 19 45 16 10
47 2 55 20 50 16
3 10 50 11 16 19 23 47
47 50 4 6
47 13 16 9 1 50 29
11 23
37 17 11 20 10
5 19 9 47 50 1 48
8 52 3 20 1 37 4
3 34 48 42 56
40 48 20 17 47 1 10 16
9 7 47
4 27
52 23 28 1 3 20 17 53 4
47 28 3 17 1 33 48
28 25 48
16 1 27 19 54
37 15 19 47 50
28 6 17
50 48 15 4 20
52 25 50 2 11 19
19 1 9 25 48
37 20 17
50 1 3 28
16 11 28
47 48 1 11
4 47
35 32 50 9 45 4 29 11 17 25
16 11 17
16 20 11 9
35 23 47 11 3 20 15 10
22 3 4 6 39 1 18 17 10 16 45
34 16 11 50
3 32 10 47 50 13
35 1 9 25
47 48 9 23 28
17 23 9 1 19
47 28 1
20 17 3
50 4 48 10
26 4 3 35
13 53 4 23 48
47 16 6 5
9 3 19 10
45 17 10 13 27 6 9
16 15 37 39 50 1 9 36 3
23 1 16 47 35 9 13
4 50 25 23 13 1 9
50 23 9
9 13 50 23
48 17 6
16 48 35 8 1
4 47 28
48 54 50 1 47 9 11 8
52 3 2 41
3 20 17 9 50 28
3 9 17 15
47 11 23 3
3 47 9 20
20 28 52
25 4 16
7 10 37 45 16 4 47 48 26
9 16 48 19 47
1 9 25 13 16 52 4 19
53 20 2 52 3
20 9 52 4 1 50 47
54 19 50 25 11 17 48
23 25
19 9 17 55 37 11 33 10
20 28 23 16
1 19 9 50 47
10 6
41 11 4 35
56 20 19 11 25 28
42 34 51 21 28
52 48 55
55 37
48 16 50 47 18 3 5 27 1
4 11 16 20 52
20 28 3 52
10 17 19 25 16 1 50 13
1 20 10 4 6 17 48 55 19
9 1 50 5 28 19 25
23 29 20 16 10 3
55 17 7 16 3 25 47
50 47 37 11
50 19 10 9 11 40 42 1
19 47 4
25 20 35 1 13 19
10 6 5 1 4 9 3 55
19 13 9 17
23 13 20 10
25 17 48 16 1 9
1 50 55 47 9 25
9 3 10 20 2 19 28 17
48 55 47 52 21 3
20 37 28
9 4 48
20 3 45 10 15 17 47 6
47 9 5 1 48
50 16 4 17 28 25 3 19 1
37 25 1 9
50 16 19 47 9
26 3 47 35 28 20 19 11 13 4
4 48 47 34 3 7 45 19 50 9
20 11 25 48 1 28
11 16 47 50 45 9 27 1 17
25 3 16 17 19 20 47
50 9 1
48 1 50 9
13 17 1 16
47 50 1 11 2 27
3 11 16 50 1 4
4 3 47 10
1 50 47 25
23 9 47 48 19 25 16 50 1
19 13 9 23
17 10 47 16 4
50 48 1
17 1 4 39 3 27 50 52 28
9 40 20 4 28
16 52 6 9 20
19 23 9 47 3 4 10 28 50 16
9 47 19
9 3 20 50
20 9 1
50 16 1 9 47 19 25
9 29 16 1 13
25 20 3 28 16 1 50 17 6 9 4
50 11 9 53 37
47 19 53 16 52 20 50 2
10 44 15 6 3 39 4
4 15 11
10 52 28 17
56 52 4 3 28 53
20 28 7 17 16
1 11 23 35
25 27 53 20 11 3 9
10 3 47 4 52 37 55 50
16 25 47 11 13
23 13 52 2 4
27 16 28 10 50 47 48 17
9 45 50 16 47 43
17 19
1 55 4
4 20 10
50 52 11 19
17 16 4 47 3
15 48 47 11 19 16 50 9
20 13 47 9 1 19 23
23 3 13 9 28 20 50
16 50 19 17 47
13 1 3 47 10 50 34 16 48 20
13 25 28 19 50 9 16 47
1 20 40 52 35 2 28 37 25 9 48 54 4 51 50 41 55 11 53
3 1 53 6 17 11 4 47
3 50 47 4 19 2 20
28 56 10 29 13
25 9 50
16 9 47
20 50
17 20 2 4 13 10 15 3
1 48 20 9 11 43 50 16
4 19 50 9 13 11
9 1 47 50
50 1 47 16 19
16 13 4 17 21 1 3 28
47 23 40 4 10 28 51
53 6 10 16 1 47
37 45 16 19 28 10 9
10 52 9 27 47 48 1 28
17 19 50 16 47 37 54 11 10 53 6 35 9 15 28 52 4 25 20 2 3 48 1
28 11
20 25 16 11 3
4 19 35
2 23 13 17 20 19 25
16 17 19
11 17 9 1 19 25 50 53
10 20 1 50 11 9 47 21 4
13 55
3 35 53 50
1 3 25 50 11
50 47 55 19 16
11 35 1 4 13 37
50 28 16 19
20 39 13 4 41 3
19 10
47 52 10 1 16
16 3 11 53 20 9 50
47 3 55 11
11 35 55 10 37 16 4 20
4 2 16 50
19 47 16 54 25
28 16 47 4 6 20
1 47 48 50 16 9 19
1 47 50 48 9 16 19
50 17 19 13
1 50 16 19 25 11
8 4 47 39 1 55
9 50 19
19 9 1 47
20 4 28 54 47 3
1 25 17 47
20 9 47 17
47 9 4
48 1 52 43 9 47 4 10 20
13 47 17 9
10 17 41 11 16 4 20
47 1 25 19
9 27 6 35 8 47 11 10 50 15 40 19 52 1 3 48 16 17 25 20 13 23 2
11 20
50 1 9 15 3 20
19 48
9 16 50 1 47
48 52 55 45 28
9 28 37
2 19 1 20 17
52 6 17 35 11 28 2
9 48 50 47 17 1 3 25 11 16 15
23 15 1 2
50 17 9 1 19
28 9 1 34 47 13 51 50
50 20 21 28 1 55
28 20 17 3 37
25 50 23
11 9 3 28 17 47
13 19 50 47 52 17 10 9 16
11 9 28 4
17 16 47 7 1
3 6 20 2 17 10
55 28 3 13
40 17
20 28 17
10 3 53 11 20 2
8 4 25 19 40 35 47 50 9 11
40 1 13 4 17 11 9 47 28
3 1 48 9 50 28 47
47 4 28 25 48
19 2 16 20
28 52 50 4
17 2 52 20 50 47 6
26 50 3 17 6 1 15 16
16 47 28 17 45
50 16 47 9
9 13 23
13 1 19 9 25
4 47 53 2 8 15
19 16 47 6 17 50
15 13 23 37
4 11 37 53 19 10
3 36 28 10
1 48 17 16 28 4 50
16 13 50 23
31 16 11 48 3 50 20 47
25 50
10 44 3 4
47 35 16 37 11 53
23 19 53 10 47 50
48 16 19 50 1 20 9 47 2 3 55
47 9 6 48 1 50 16
35 47 16 1
2 50 23 52 4
48 1 50
3 53 11
48 25 50 2 4
25 48 9 50 16 47 11 1 19
19 48 9 28
50 1 7 15 48 10 47 45 9 3
16 11 19 25 1 10 4
25 19 11
19 16 47 4
11 13 50
34 50 45 9 7 4 6 16 3 17 1
55 3
11 2 53 52
22 16 35 4 15 7
44 3 11 9 47 10
47 17 1
50 11 3
17 25 11 1 54 28 16 4 23
11 47 25 3
19 47 9 4
16 37 9 1 2 47
4 1 52 17 15 6 10
4 9 47 28 10 16
25 13 9 11 50 40 19 1 16 10 28
48 16 47 23 6 28
16 17
35 1 7 11 19 9 16 6 47
47 11 52 9 17 16
17 6
54 16 1
50 28 17 3 47 16 35 6 25 1
20 48 52 17
9 27 47 16 4 17
8 56 10 3 20 15
3 11 10 6 49 52 17 1 9 48 50
19 54 16 27 9 1
20 28 10 15 26 3 40 4
9 47 11 56 48
3 50 8 35 25
28 9 17
25 1 47 16
10 3 28
47 48 50 4 1 28
1 50 4 28
47 25 7 4 5 22 18 16 48
16 29
55 1 48 50 4
47 54 50 9 16 1
11 6 16 4 25 55 10 26 3 20 23
1 16 9
9 1 47 7 5 11 50
2 1 50 35 52 13
13 25 27 1 20
47 7 19 50 1
1 15 48 20 50 13
2 4 17 52 3 50
50 7 16 47 9 17 37
56 50 9 47 16 17 11 23
25 19 9 28
50 25 23
1 50 47 25 16
4 7 5 27 9 1 50 47 19
19 1 53 10 47 16
17 19 47 4 1
7 20 16 47 9 4
9 48 28 4 1 50 47
6 10 54
10 9 20 4 50
47 19 50 9 16 1
47 55 4 16 48 50 27 9
25 17 48
19 52
52 17 42 22 6 28
47 4 1 25 7
19 6 25 28
4 17 47 16 9
56 47
50 17
4 26 19 11
50 37 2
25 47 16
16 47 4 28 20 15
41 10 4 28 3
1 50 16 47 48
35 52 28
3 10 4 13 1 39
16 9 19 1 50
9 35
9 47 11 50 7
28 3 20 16 23 17 15
28 23 13 19 47 55 1
47 11 1
2 50 3 28 1 8
15 20
16 23 37
11 47 52 53
4 20 10 50 43 40 3 28
48 28
13 4 20 27 19 23 3 52 25 1 16 39
3 47 50 17 40 45 20 9
11 9 47
47 28 1 16 41 19 50
16 19 50 9
50 7 16 9 1
2 50 28 17 1 19 9 52 6
45 4 47
50 11 4 19 13 6 40 47 3 10 9 28 20 35 15 16 1
50 9 1 4
47 20 50
20 4 3 48 28 19
16 19 55 50 48
16 11 3
6 28 52 3 17
17 11 4
10 1 45 28 17 47 4
50 11 52 19 35
11 9 4 50 28 47 1 48 19
55 11 10
25 3 35 20 52
41 28 52 20
4 1 48 25 19 47
2 46 16 3 4 10 28 6 47
20 28 3 13 16 17 37 1
2 3 20
4 11 20
10 6 17 37 47 52
1 3 4 9 50
9 1 47 4 50
50 20 9
1 9 17 19
16 9 46 47 45 4
13 23 28
39 47 1 3 42 9 50 20 25 37 10 17 28 16
9 17 16 48 28
37 15 10 35
40 10 47 4 15
17 35 28 52
28 53 20 47 3
28 56 8 9 47 4 16 50 55
1 15 6 34 16 47 50 48 23
10 4 17 16 47
37 11 48
13 17 52 35 37
50 17 19 9
55 47 52 27
4 10 55 20 3
50 3 5
28 20 3 11 16
47 9 50 25 1 48
47 50 1 13 16
28 15
9 20 15
16 11 20 6 10 47
50 47 48
1 48 19 13 47 16 50 9 54 25
9 29
1 47 50 13 25 9
20 7 23 47 5 1 13
47 16 3 17 8 28 48
3 45 6 10
27 28 1 47 9 48 21
55 4 28
50 47 9 4 1
50 37 1 9 10 3
11 52
47 29 56 4 28
3 7 6 4 26 10 17
47 19 50 9 1
36 20 19 50 28 1 3 9 17 25
16 20 9
48 11 28 25 17 16 9 10 47 50 1
28 48 47 17
10 16 53 13 28 17 20
19 48 47 20 3 17 50 11 6 28 9 29 38 25 13 1 26 16
20 37 25 10
48 4 47 25
9 1 16 50 3 47 4
14 10 48 3 31 5 4
16 9 11
20 47 48 9
6 17 4 9
22 3 28 4 17 16 48 39
19 11
9 4 17 20 28
20 16 28 3
4 48
50 16 9 47 6
4 28 16 22 17 44 10 20
9 1 48 28 8 17 4
16 1 17 4 50 47 3
47 9 50 25
7 28 50 1 47
4 50 54 20 3 47
25 48 9
3 4 17 28
10 53 9 19
47 16 48 4 8
48 28 25
1 13
50 10 17
50 19 42 11 1 3 48 9
13 20 47
19 15 9 17 50 47
6 8 20 13
3 52 50 19 6 16 10
16 1 47
48 9 5 25 16 47 50 19
34 3 4 47 11
56 4 9 15 38 3 17 11 28
9 50 42 16 47 28 22 25 19 55
50 48 19
9 19 25
20 1 10 3
17 1 19 9 47 50
50 37 17 4 55 28 3 19 10
1 9 16 13
48 16 9 37
3 47
19 13 1 25
48 16 28 25
50 9 1 19 15 47 16
25 4
1 47 53 6 9 16
48 1 17 47
25 4 19 50
23 13 3 45 17 47 16
10 19 47 1 17
28 10 25 20
28 47 20 10 4 17
16 55 9 27
13 11 25 1 50
48 50 1 3
37 9 19
11 25 3
28 45 48 4 11 50
1 23
16 20 34 41 51 50 28 55 11
16 17 19 13
17 25 9
1 13 50
37 16 13
1 4 47 17 53 9
16 17 1 9 3 47
10 6 3 20 17 25 16 9
9 4 48 25
16 47 50
25 20 11 35 1 50 54 13
45 17 8 4
47 9 16 1
19 20 47 9 4
16 19 1
47 16 28 19
34 48 23 19 20 29 4
19 16 9 11
23 52 2 11
7 11 4 13 23
50 16 23 13
47 4 9
48 4 50 11 2 13 23
25 13
52 48 20 47 17 28 55 50
13 41 17
50 13 55
1 50 16 45 9 47
28 55 56
9 50 19 13 16 1
47 11 4
16 47 1 28 17 50
11 16 25
9 50 13
23 11 37 25 50 53 1
9 23
50 11 19 9 37 20
47 10 55 9 48 16 11 50
9 25 47 13
47 9 1 48 19
19 50 9 16
50 37 55
55 15 10 2 3
50 48 47 28 4
3 9 50 16
42 27 17 53 13 52 4 11 35
47 34 27 7 17 16
1 50 10 19 47 16
10 43 16 4
11 48
23 19 9 50 27 1 16 34 25
16 6 1 3 10
4 10
17 47 53 25 28 10 13 50 35
16 28 9
47 28 1 17 3 50
13 11 19 40 25 20
33 28
4 17
15 10 22 7 4 3 6 28
16 17 11
50 47 19 25
52 6 16
50 23 47 41 19 9 1
48 4 19 9 28
1 16 50 13
25 7 1 29 9 21 16 23 27 19
47 35 50 16
11 19 10 17 3 28 4
35 28 11
28 17 25 23 4 3
48 28 9 50 1 29 4 17 13 47
9 4 13 47 6 48 16 19
4 28 55
28 56 9 19
4 37 36 16
9 1 37 16
25 10 28
11 16 47 52
16 47 9 1 17 50 37
13 9 23
15 20 17 47
9 1 28 17 3 6
10 17 20
28 4 47
3 28 4 16 11
50 25 16 47 1 9 19
10 47 3 54 4 28
4 48 15 7 13 50 9 20
2 16 3
11 47 13
19 47 3 48 1 25
19 25 47 9 50
4 15 28 3 20
45 42 3 10 17 28 4 55 47
48 9 1 19
25 16 47 9
16 41 11 51 42 34 4
3 4 1 16 50 13 10 47
13 1 4 47 9 16
47 1 3 10 19 15 48
49 37
16 6 4
17 25 1 20 13 48 54 35 19 23 16 9 28 52 50
50 15 3
47 53 17 19 50 9 25
50 37 16 52 15
47 45 48
47 11 35 4 27
17 6 50 16 47 48
47 9 3 1 56
4 11 28
9 13 23 47 50 1 21 19
34 10 19 47 28 9 3
52 2
52 6 17 10 4 28 47 16
11 19 50 13 23
1 9 28 37
48 20 4 28
17 47 48
16 7 1 50 19 37 9
4 23 13 1 5 16 19 11
4 47 9
11 9 37 23
10 3 28 16
9 19 37
6 17 1 41 20
1 48 28 4 9 19
17 11 52 53 50 28 4 39 44
11 28 1 48
9 42 34
13 47 19 9 1 16
9 52 1 55 4 48 16
16 50 4 48 17
2 8
16 9 50
10 47 6 45 16 3
50 4 11 20 55
9 1 20 16 17 28
47 45 11 23 9 16 35 7
50 37 11 2
11 1 17 3 23 29 20 10
16 9 4 20 13 7 25
47 19 48
47 19 50
16 25 9 47 50 1
47 1 25 50 16
5 9 1 7 26 3 17
17 54 13 9 4 28
4 45 48
34 23 4 10 46 29 7 17
47 3 28
6 37 23 1 8
54 9 17 22 47 16 25 27 7
48 52
4 47 1 9 20 17 2
16 13 23 50 47 9 1
17 48 25
48 13 8 55 9 4
55 20 2 1 47
25 1 13 17
17 11 16
54 25
50 48 9 1
25 50 9 19
25 2 3 50
17 2
53 1 13 8
48 10 16 50 4
4 9 19 47 50 28 48 16
4 16 9 3 47
52 53 2 8 35
16 52 37 20 2 3 11
10 50 55 16 39 3
47 1 4 22 5 43 11
9 19 48 1
11 3 13 1 9 16 50 48 2
10 20 4 52
11 19 25 9 16 1
50 10 9 17
11 13 19 50
28 15 17 11
11 3 28 50 4 16 17
20 25
17 37 9 55 7 28
9 16 13 23 19 50
1 17 20 4 28
50 47 28 17 16
4 47 36 35
52 4 10
35 53 13 16
11 17 28 16
16 37 1 27
47 11 53 19 13 3
19 17 11 37 35
9 20 25
25 1 23 9 13
48 28 10 55 40 47 23 16
4 9 17 50
28 1 47
3 36 14
20 1 50 10 48 9
13 37 9
55 47 4
4 10 17 48 37 47
6 3 28 9 17
4 25 3 1 11
50 1 23 9
28 1 23
48 9 47 3
4 55 51 23 1 28
16 11 1 25 3
6 3 47 16 17 20 19
50 23 13 1
16 3 37 28 1
17 47 9 25 48 4
1 17 3
50 9 16 13 1
1 35 48 9 13 16 32
50 28 1
13 23 47 9
1 50 7 9 35 48 47 16
37 17 11 50 9
3 50
33 13 52 3 2
10 8 19 18 16 47 3 28 25 7
50 11 28 9 19 1
16 4 45 10 15 50 1 55 11 42 19
55 13 52 2 56 50 53 23 37
35 25
16 50 9 1 19 13 54
37 9 11
16 47 4 28 9 1
47 3 28 11
52 20 17 2 19 11 16 9
11 20 3 6
19 35 4
4 53 11 13 35
55 53 35 3 17 28
8 23 37
48 50
28 9 47 17 52 2
20 16 3 17 4
16 11 1 13 9 48 50 47 25
11 47 19 16 9 2 17 50
4 3 10 11 19
16 55 10 4 17 3 20
11 25 4
11 1 19 17 2
16 11 17 19 4 3
37 4 52 10 1 53 50 11 3 9 35
9 16 47 54
20 23
28 10 3
28 17 52
9 1 19 17
4 27 11
34 45 47 11 4 48
37 25 20 16
6 16 3 9 1 10 47
1 3 6 45 10 28 19 55 4
13 37 4 11 35
19 17 4 1 50 53 25 11 3
3 50 34 23 39
9 55 28
13 9 17 47 16 19 50
28 13 11 9 50 1 25
50 17 9 47 1
19 35 37
4 25 9
8 17 48 19 37 52 3 10 53 28 20 35 16
7 18 15 4 50 16 47
1 50 47 9 25 48
11 37 35 13
16 47 9 1
55 10 11 1 6
48 1 17
28 25 48 50 16 9 47
47 20 1 11 9 50
23 50 19
1 11 10
9 17 28 19
11 2 6
19 9 13 23 47 50
53 3 50 55 10 19 52
25 48 9 1 17 47
50 16 48 47 13 29 25
50 9 19 2 13 47 48
19 13 47
3 4 47 55 45
28 48 9 40 1 25 17 50
11 55 10 17 20
15 47
25 47 50 16 9
25 28 17 48 16 9 47 19 1
25 13 1 23 11
1 54
55 20 4 48
19 11 2
16 50 47 19
47 3 7 17 1
11 17 53
17 45 4 9 28 10 3
20 9 28 17 4 16
11 4 20 55 13 50
16 1 9 50
9 13 4 47
17 9 1 47 16 25
17 11 48
1 16 4 13 9 15 2 11 53 34 6 54 17 47 48 55 50 19 52
9 50 47
20 16 9 52
55 4 11 9
11 48 19 9 28 7 4 15 16
4 47 16 9 50 48
17 40
47 25 26 11
50 16 19 25 9 47
37 13 1 50 23
28 56
50 28 20 47 4 16
47 52 48 4 10 55
13 1 35 9 17
20 47 25
37 50 22 16 1
4 16 9
47 17 26
15 6 28
19 1 17 47 9
9 4 10 6 3 17
19 1 9 17
45 13 3 16 28 20
3 48 50 35 4 20 13
35 11 17
10 28 48 47 11 4 16
4 47 16
50 47 13 25 9
17 1 9 19
19 20 9 28 13
54 4 13
48 50 37 11 25 16 40 10 47
36 20 4 28
35 26 27 17 3
1 17 47 48 16
20 40 19 16 4
47 48 50 19 9 1
19 47 17 9 23 50
3 37 9 1 50 47
35 50 13 19 48 25
11 28 25 4 48
10 3 25 44 39
55 50 16 19 11 4
1 6 2 50 9 37 47
4 50 47
48 16 47 19 25 9
17 13 25 23
11 50 39 4
10 37 20 19
9 50 25 17 28
16 28 17 15
56 48 19 47 50 16 1 28
13 37
23 9 19 13 1 50 48
50 1 11 9 47
11 9 28 17
13 16 17 9
16 13 1
50 37 13 17
19 11 9 17
52 50 20
4 9 25 48 16 50 1
47 10 1
20 11
47 11 37
47 19 25 50 1
19 16 17 25 34 47 9 50
48 16 1 50
8 50 28
50 1 48 13
9 16 1 4 47 7 19
16 9 29 48 1 50
19 17 13 3
47 41 1 13 4 11
19 50 47
25 9 47 1
2 10 25
1 25 20 17
48 1 13 50 9
13 20
4 9 1
20 3 50 19 47
50 1 5 9 19 47 25 16
50 1 4 16 11 47 9
16 1 37
40 10 20
50 16 9 47 48
3 50 53
4 47 10 17
48 1 47 54 9
28 10 13
50 1 16 4 52 9
20 11 17
27 4 1 11
8 16 23 13
55 25 28 4
50 5 16 18 33 1 32 4 38 17 13
56 55
21 23 11 9 13 33
9 7 50 47 25 16
17 47 50 1
1 52 7 45 15 6 4 28
48 25 9 16 50 47 1
48 1 47 50 19 20 9
1 28 25
23 13 47
47 50 25 9 1 28
27 11 3 52
16 50 55 17 9 19 15 53
25 16 9 27 47
47 13 9 16 50
55 25 50
47 9 53 50 4 11 25
11 50 17 16 3
19 10 6 9 48 15 5
1 9 47 3
13 1 16 50 47 20 4 52
28 10 15 25 55 52 50 53 17 9 11 19 16 1 35
9 28 55
17 52 4
20 3 28 13 4 47 54 55 16
48 51 47 10 3
37 1 20 23 13 50
25 4 22 35 1 50 11 17
35 2 1 50 9 48
47 10 17 52
9 15 16 1 23 19 47
52 17 50 13 19 9 20
13 25 9 1
16 17 34 11 20
9 25 11 37 16 3
23 21 37 11 35
16 50
9 25 1 41 11 28 19 47
17 21 15 11
16 25 40 54 19
47 28 19 50 11
50 13 4 16 1
55 28 16 47 17
52 47 17 28 3 13 45 6
26 13 11 28 9 17 21
47 16 48 10 50 17 9 28
13 9 17 48 50
19 47 16 1 9 25
11 10 9 3 47
1 17 13 16 23 47 25
17 28 54 37
47 19 1 50 23 16
13 1 6 47 17 16 7 9
23 11 52 47
52 4 10 8
4 13 47 50 45
10 28 3 20 50 15
15 11 16 7 40 26 4
20 48
16 50 4 9 10 47 17
54 19 47 3 9 16
4 9 50 19 47 27
4 48 1
50 23 4 9 19
50 4 17
25 20 4 47
52 53 3
47 37 25
50 35 20
1 50 35 47 23 20 10
1 28 19
9 19 13 37
16 54 3 4 27 37
1 56 28 2 48 47
10 47 16 55 4
9 20 6 17 16 15
20 52 2 11 19 9 37 4 33
47 11 10 55 20 6 4
4 19 47 20 28 37 9
20 8 23 47 9 37
1 4 45 15 47
48 47 16 50 19 13 23
37 23 47
17 35 20 11 10 2 23
13 1 50
16 50 23 19 28 47 9
5 27 18 50 1 25 16 47
11 3 13
9 37 1
11 50 19 47 9 20 16 54
37 16 28 27 11
9 48 54 16 1 19 47
17 52 47
4 3 21 10
47 25 1
4 47 48 17 23 9
47 9 19 10 50
4 14 3 10 1 45 43 56 6 36
11 55 4 28 15 10 52 1 20 9 19 27 56
13 41 17 55 38
1 9 50 48
20 35 52
9 47 28
18 3 47 19 50 25 16 7 1 4
19 11 4
25 50 19
9 1 20
11 50 4 1 26 9 47 25
1 3 50 25
10 20
29 1 47 27 16 35 53 48
17 1 9 16
17 19 16 50 47
40 4 19
7 47 11 28 20 13 48
25 1 19 9 48 50
6 47 16 11 9 25 17
50 6 48 47 45 4 28 16 10
50 47 9 48 53 20 16 11
10 17 9 1 55
3 4 14 37
16 1 50 47 19 25
11 52 3
27 4 48 47 16 28 3 37
50 16 10 25 4
28 19 3
11 9 13 47 16 50 1 3
50 16 28 1 47 48
10 39 28 45 19 47 55 3
11 13
48 37
47 20 2 25 11
9 50 19 17
28 48 20 19 17
3 50 28 9 17 7 19 1 16 45 32 13
27 37
13 51 3 20 10 4 50 28
17 4 10 3 19 54 47
50 37 19 52
15 8 20 1 13
17 6 15 20 3
47 28 20
9 28 20 1 17 29 13
50 37 16 3
4 47 50 1
4 1 51 50 11 17 16 34
47 25 9 1 7 16 50
48 16 9 50 47 19 1
52 35 28 6 10 15 56 17 25
47 50 48 1
16 1 56 28
50 37 11 35 47
3 19
1 17 50 16 28
42 10 1 22 51 25 50 47 20 4 19
13 11 50 47 1 19
48 16 4 50 11 9 27 10
20 19 35
13 50
19 16 50 1 9 47 48
11 37
16 37 25
10 28 16 13 19 25 43
55 28 3 16 50 47 11
20 41 10 52 35 8 55 2 15
19 11 56 28 9 17
10 56 35 9 4
16 50 9 54 28 1 48
1 54 50 48 16 3 20
47 17 11 4 50 10 28 3 54
13 17 9 50
19 9 7 25 50 20 16 11 1 45
3 20 47 17 10 44 4 9 48
19 52 8 9 17 47 13 1 28 25 16 50
20 1 9
34 20
28 16 20 17 19
11 1 56 52 35 8
11 16 47 55
13 23 16 35 28
17 1 28 19 9 25 48 13 16 47
9 17 16
35 13 50 29
13 50 1
47 53 9 35 13 25 11 10 1 6 28
48 9 47 16
19 23
53 23 10 13 1 21 35 11 47
25 11 9 1
11 47 4
3 56 1 17 11 13 9
25 52 50 11 19 17
50 25 47 1
25 50 19 9
25 15 9 19 17 28 4 47
4 39 28 55
25 16 1 47 50
16 15 9 28
19 23 9
51 4 34 16
17 50 28 9 1 19 47
4 17 16 20 37 25 19
16 1 25 9 19 47 50
9 48 55 4
48 53 25
8 4 1
20 16 54 27 50 19 9 1
25 19 50 1 9 47
52 20 11 19 4
56 20 28
53 50 1 35 17 11
47 1 13 19 23
28 9 47 1
25 47 17
37 16 20 17 47
9 17 1 6 35 50 16 47
16 17 47 1 25 9
1 9 47 16 50 19
25 23 50 16 11 13 3
16 1 35 9
47 10 17 56 2 25 28
3 48 37
15 17 51 43 34 10 3 28 6 36 4
3 48 8 35 11 2
50 11 48 19 25 4 9
15 16 42 29 13 3 4
27 21 18 53 7 48 9 19 16 1 17 29
4 13 17 47 10 50
2 20 28 17 3
28 8 56 1 48
3 16 17 47 9
10 17 3 41 16 45 42 15 20 34
11 23 25 13
47 7 13 29
17 48 16 47 37
10 17 9 48 19 50 16 20
25 9 1 47 50 19
4 3 2 8 48
47 17 1 9
50 19 11 16 9
50 1 48 9 4 5 47 19 25
47 1 15 4
9 53 43 26 10 47 28 50 52
3 8
17 16 3 28 48
4 3 13 17 56 23 11 50 2 52
25 13 28
4 17 50
47 4 10
16 19 3
47 4 50 9 13
50 55 10 4 19 28
9 4 6 35 22 10 17
25 37 9 19
16 9 48 47
23 1 13
9 11 2
25 19 37 11 20
28 9 16
10 25 48 27 47 45
16 1 25
25 19 17 16 47 4 50
48 17
9 25 4 47 16 50
1 9 50 52
15 10 11 39 28 1 31 50
10 17 1 23 28 56 54 18 55
55 50 4 48 1
37 4 47 16 35
17 31 16 26 6 45
13 23 20
19 47 9
16 4 47 9
13 1 47 9 50 19 16
9 19 16 1 17 47
10 3 4 47 19
19 17 25
15 51 35 29 16 1 28 13
48 9 19 16 17 40 50 8 1
16 1 10 50
4 28 3 13 1 16
13 23 9 50
25 9 47 50
19 25 28 17 20 54 9
2 11 23 25
25 19 47 50 1
4 11 56 41 8 25 20 28 9
37 25 20 3 28 19 10 16
47 53 11 8 4
47 23 13 50
56 3 28
16 11 9 19
55 13 19
19 47 15 25 20 4
11 56 4
28 17 37
4 47 50 28 17
6 50
27 20 48 47 9 50 37 11 10 3 17 26 55 28 16 4 56 52 8 2 44
25 50 10 20 1 9 3 28
9 1 28 55 15 25
4 47 1 50
15 17
47 1 50 19 9 16
20 1 50
28 47 16 4
25 13 37 23 9
2 53 3 15 28 47 35 17 20 48 19 16 50 11 1 9 25 10 4
13 17 28 2
50 19 25 23 11 48 16
33 29 23 4 20 13 17 52 35
3 52 19
9 19 13 16 47
19 13 17
50 9 28 20
1 9 17 25 47
50 1 13
16 20
19 16 3 54 1
7 19 9 16 10 50 25 1 17
45 9 16 4 28 3
13 23 50 4 52
1 28 11 9
47 9 13
19 25 23 13 50 11 1 48
9 16 47 48 1
25 2 11 39 3
9 47 19 50 4 17
10 52 13 19
19 4 25 47 50
4 13 1
9 50 48
13 19 21 1 11 9 25 23 15 10 3
2 47 9 19 17
25 3 47 50 16 11 23
5 47 1 4
50 10 19 9
19 20 37
17 28 47 10 15 54 20
40 10
28 55 13 25 1 20 11 16 33 4 10 56 6 19 52
47 1 50 48
4 47 7 50 9
1 8
25 4 20 10 3
37 28 19 1 23
6 25 17 55 4 11
10 37 47
1 25 9 47 16 50 19
56 25 9 35 8
9 23 47 25
13 28 23 19
37 20 3 25
9 16 48
55 23 52 4 56 28
2 37 10
52 47 8 1 9 35
48 17 9 47
20 4 28
47 9 13 29 16 4
19 50 17 4 13 11
37 4
48 13 1 19
9 13 50
7 11 6 9 47 48 27 19 3 1
35 3 10
53 11 52 3
28 17 1 4 16 20
10 53 11 3
16 3 27 9 1
55 4 20 10
48 52 1 9 50
50 1 47
47 19 1 9 16 50
47 4 34
25 13 23 19 47 9
37 47 23 13
25 28 53 47
13 25 52 23
20 19 28 16
23 56
19 50 1 47 17
9 48 11
25 28 54 10 50 20 4
13 2 52 5 4 11
50 2 19 28 20 56 55 16 17
11 50 35
7 35 16 27 6 47
55 37 52
20 10 34 19 1 3 16 11
3 35 53
7 3 28 34 16 1
17 47 16 25 7 50 27 4
27 1 48 9
1 23 9 19
47 13 1
8 52 55 16 10 35 49 47
5 4 47
8 4 19 50 3 47
1 47 9
9 17 23 47 50 1 56
17 25
7 50 16 48 3 11 25 17 37 27
1 19 11 10 54 4 55
55 10 1 16 47 9 7 20
4 16 15 48 52 50 23 53 28 20 44 39 9 37 1 17 55 10 7 47 26
4 28 9 55 40 25 11 16 45 10
20 1 16 54 50 19
1 29 13 9
1 17 23 28
13 35 9 16 3 19 25 50 11 52 53 1
3 16 20 51 10 15
47 11 4 1
19 35 5 16 1 50 47
28 53 3 20
3 28 20 15
48 13 16 50 9 3 28
13 23 1
20 25 16 23 28 13 3 52
28 2 52 3
1 16 37 9
47 9 50 16 25
3 48 50 17 4 1 2 6
9 4 3 20
25 13 9
39 50 17 3
11 19
28 17 25
17 1 25 48
28 54 50 9 19
52 19 16 25 53
50 9 17
52 4 17 28 3 50 11
19 20 50
25 1 19 17 37 55
11 9 47 50 1 16 28 45 3
50 16 13 1 3 47 48
13 28 23
3 16 28 10
19 35 3 28 13 54 25 20 17 1 9 15 52 51 4 41 6 47 11 55 16 50 10 40 48
16 1 25 3 27 10 4
16 4 28 9 47 48 50
41 19 27 10 11 45 4 25 9 16
3 34 1 16 48 11 50
35 53 4 1
1 13 17 4 20
16 11 54 1
47 1 17 13 50
23 9 11
2 25 37 48 20
28 17 16 11
4 17 20 28 15
47 16 17 3
21 17 56 52 8
20 13
28 27 2 11 52
4 53 11 17 47 8 28 52
9 50 1 16 47
17 1 28 55
4 6 47 16 3 17 7
47 20 28 9 16
17 20 16 4 47 25 50 11 19
50 16 4 48
20 6 1 47 3 10 39
28 1 50 16 54 11 8 10 17 23
28 56 55
19 37 2 54 11 3
50 25 5 9 19 16 1 47
16 50 47 19 10
20 37 9 25 17
3 2 11
13 25 23
9 47 50 19
3 17 10 15 23 37 50 28
6 17 28 15 22 1 47 10
11 52 4 28
13 52 8
50 28 42 4 11 34
17 9 1 25
1 2
10 1 17 4 25
3 5 28 4 10 26
1 9 4
17 40 16 6
25 48
47 1 9 28
19 48 50 11
9 18 34 1 16 7 4 10 45
36 3 52 11 25
15 1
54 50 9 16 47 23 25 13
37 16 1
28 11 50 47 13 23 1 19
15 47 45 4 20 48 34
9 17 4
3 28 19 1 11
11 9 47 16 20
47 25 1 50 11
5 1 20 28 4 13 10
16 1 9 50 19 47 25
4 47 9 17 16 25
9 19 34 1 50 22 42 16
16 20 50 55 19
2 17 20 16 4 19 54 50
13 16
50 47 9 19 1
50 1 7 3 52 16
9 13 17
9 48 4 50 55
28 17 1 56 55 2
5 19 20 10 9 21 8 53 2 17 4 13 23 28 25 1 16 50 11 48 47 3
13 23 17 3 19
9 47 50 1 19 16
2 1 4 55 20 28 25 35 9
10 11 35 27 25 37
4 23 50 37 11 53 28
52 37 29 1 3 10 11
39 20 52 2 35 47 28 6 7
34 13 10 22 45 20 42 41 3 14 47 48
2 11 4 28 37 20 8
1 47 19 25
13 11 23 50
11 27 3
50 11 9 16 47
11 10 37
4 28 10 20
50 19 9
50 1 11 16 25 32
10 40 47 7 34 25 50 3 1
1 9 4 48 28 55
13 28 20
9 28 17
10 47 6 50 4 19 16 3 42
37 19 48
9 10 6 15 25 17 47 16 54 50 37 20 28 55 11 48 4 1
16 47 9 11
19 25 4 47 9 17
23 11 35
51 34 37 3 28 4
19 8 4 47 15
25 9 48 1 17 28 50
1 50 9 3
10 3 20 4 11
1 19 25 9
52 53 28
28 9 1 19 48 17
19 2 52
47 4 10 16 9
50 16 47 15 25
47 17 9 8
9 50 11 25 19
16 47 3 27 19 50 1 9
23 11 16 37
16 10 51 20 6 17 47
1 19 23 13
48 16 9 20 19 47 1 25
1 4 9 50
11 20 10
27 34 6 9 7 49 3 4
25 9 1 47 16
55 6 3 17 28 15 20
3 47 25 1
2 28 20 16 11 35 52
1 4 10 17 3
1 16 50 19 47
50 17 41 26 10 48 34 3
25 50 40 47 48 9 19
4 47 11
9 11 16 53 3 7
20 6 15 47 16 45 42 4
23 13 11
13 28 5 41 48 3 4 17 1 35 9
8 13 9 50 1 7 19 4 47 56
13 50 19 23
25 19 9
25 1 16 9 48
10 46 28 15 4 7
16 47 7 9 55 4
23 25 47
11 25 1
11 50 16 37 47 34
37 47 3 48
16 28 20 4 17
25 47 1 50 16 9
19 37 50 9 17
16 20 11 10 52 50 13 9
3 10 13
4 3 28 11 53 52 14
50 4 9
21 13 23 50 19
13 47 19 25
13 19 52 28 3 10 9
9 17 15 20 10 4 19 28 48
9 16 1
47 1 13 50 9
17 54 35 16
28 3 4
9 11 28 50
52 25
47 4 52
48 9 28
13 1 9 52
9 1 23 13 47 16
17 10
9 50 1 47 48
9 37 2 50 10
11 19 37
11 50 52
11 36
28 25 35 47 50 16 17
3 55 4
16 20 2
4 55 13
13 17 16 1 9 19
7 4 50 47 16 9 48 19
9 19 28 16 25 11 50
1 19 47 50 25 16 9
16 37 42 47 11 19
4 1 28 10 3
1 9 23 13 47 50 19 25
1 47 9 16 19
1 56 4 16 50
1 48 54 3 9
20 11 19 25
20 17 28
1 9 19
41 17 20
9 50 56 4 16 1
13 17 9 1
4 25 9 37 47
45 39 10 49 3 50
16 19 37
10 55 3
37 25 11
9 20 2 17 13 1 23
1 13 47
25 50 1 16 19 47 9
16 20 11 8 48 47 53 17
10 28 15 22 40 4 16 45 50 9 1 6
50 48 47 9 25 20 1
17 47 13 2 1 23 9
50 1 28
50 55 16 47 4 54 9 35 23
19 37 1 9 17
48 47 1 50 16 9 19
25 10 3 1 35 50 37 17
9 25 50 1 48 47
48 35
36 13 39 20 23
37 4 9 19 15 13
3 47 19 16 17 4 10 20
3 17 20 34 16
4 11 50 48 47 34 28
10 17 11 9 23
1 35 9
17 50 4
28 9 1
52 37 2 4 45 11
1 9 20 28
16 1 29 34 47 4 50 9 7
20 48 50 4 47 55 10
50 19 16 47
47 9 26 4 3
48 37 47
50 48 9 47 25 16
52 48 1 53 35 20
9 50 16
37 11 28 47 16 4
50 56 28
50 21 47 29 28 33 13 25 48 19 1
28 37 1 17 16
48 28 17
48 37 9 4 25 23 13 1 28 19
3 34 42
3 35 8 11
8 35 50 17 11 47 56
47 9 11 1 17
48 17 9 28
48 4 52
35 3 1 11 50 48
47 23
3 55 51 41 42 34 1 38
9 20 35 1
25 47 9 1
13 9 1 16 54 47
13 29
19 9 25 1
23 1 19
36 10 17 42 43 20 4 47 48
28 17 13
16 3 1 47
13 29 4 19 1 10 16 50
47 54 11 16 19 48 50
20 16
47 3 10 50 19
47 13 4 50 11 19 20 23
48 15 52 4
11 47 1 9 48 55 4
47 9 16 1 50
20 19 11 4 17
9 16 50 1 19 37
16 47 4 25 11 19
28 15 9
54 6
1 50 11 47 25 16
50 19 9 1 11
4 17 1 15 10 3
50 41 9 47 48 17
39 10 3 43 4 35
35 28 4 2 11
54 16 7
9 1 17 16
11 9 16 25 17 1
16 19 50 17 7 3 4 55 9
16 19 50 7 9 47 48
48 50 9 27 1 16 52 2
9 47 28 4 1
28 1 50 29 9 47 10
1 23 32 37 35 10 4 7 5
7 47 50 16
10 20 16 11 27 35 4 1
16 1 9 50 19
17 48 53 20 25 4 27 16 19 1 6 10 11 47 39
7 13 16 33 5 54 29 47 32 37 19
47 9 16 48 1
50 19 9 25 20
19 47 7 50 11 10 38
52 23
13 11 6
50 17 13 10 9
47 1 4 25
47 13 19 17
50 1 28 10 56 4 16
47 50 16 1 19 17
47 50 16 9 1
48 13 16 23
4 16 10 11
50 1 47 16
13 19 23 16 8 35 11
1 16 50 28 9 47
35 19 50 25 1 17 3 47
37 19 16
19 50 1 13
10 2 50
50 19 16 3 47 9
50 20 17 19 25 4
3 16 20 17
4 13 25 19 50
11 54 37
2 48 1 53 10 9
3 4 17 55 28 47
19 13 11 4 9 47 50
35 11 28 52 53
34 4 3 55 17
19 25 17 9 52
52 4 2 16 6 11 23
50 48 4 9 16
37 13 23
11 7 13 16 28 35
48 47 9 3 16 50
47 16 4 25 9 54
1 20 17
50 3 25 11
20 28 47 55 17
28 13 15
17 54 29 41 28
50 9 17 47 25
4 22 1 45 25 16 11
48 41
2 47 9 28 16 3 39 11
3 10 11 34
15 3 1 11 52 20 17 6 16 47 48 4 13 28
9 23 4
17 13
25 17 50 47 1 9 16
55 10 20 4
55 9
16 13 11
56 4 37 17 2 52 21
9 4 13
19 4 50
1 9 47 19 17 23
20 4 50 55 25 19 52 9 11 17 15 10 3
3 13 17 28 50 16 1
53 11 37 35 4 7 26 52
16 48 4 50 28
1 17 9 11
47 10 16 3
3 28 10 50 1 23 40 55 25 16
1 47 25 11 19
11 28 9
50 48 9 5 3 28
48 25 9
19 17 16 6
1 50 19 13 9 48
13 19 28
16 11 1
47 1 3 50 9 23 16
47 17 25 11
9 50 1 13 25
37 10
20 25 13
20 9 6
35 10 8 19
4 50
28 56 55 52 17 20 3
50 13 33 23 1
53 35 52 25 9
19 6 54 2 55
10 3 9 25 5 16 27
25 9 47
53 52 3 28
37 47 23 17 1 13 10 11
16 47 1 28
17 25 3 16 19 28
1 17 50 13 23
9 25 47 50
10 17 50 1 54 4 13
50 19 1 4 28
9 54 1
47 4 44 10 16 55 11 50 45
1 50 11 16 9 47 48 54
45 10 39 9 4 1
3 10 17 55 47 11 4 28
11 27
9 47 48 16
4 11 23 13 28 47 3
48 28 25 47 9 17
16 20 50 10 47 19 4
25 1 48 9 19
9 47 16 4 1 50
17 56
11 50 1 19 9
17 20 13 16 1
9 45 47 16 11 3 7
18 1 50 16 48 10 55 4
47 16 56 50 20 17 6
48 55 10 11 4 47
17 50 13 1
27 3 9 6 20 14 1 7 17 11 16
16 4 52 3 20 17 2 35
11 8 1 28 50 9
9 1 47 16
4 55 19
47 20 3
6 4 26 45 1 9 28 27
50 10 19 4 1
3 10 20
8 16 50 48
19 47 50
10 3 4 16
53 11 28 39 47 50 17
53 8 27 37
48 17 16 33 23 13 29 47
4 52 50
42 28 47 16 3 10 38 48
45 47 3 17 10
34 17 3 51 16
6 13 50 16 3 9
16 17 13 19 9 23 1 50
47 1 9 23 17 4 50 25 19 16 28 20 48
48 1 16 50 47
2 23 20 28 37
1 47 50 35 13 9
25 37 1 11 9 4
4 11 25 20 1 6 2
20 35 11
4 16 17 3
5 7 17 4 9 18 19 16 37 52 25 28 13 1 50 48
27 4
9 47 17 1
23 25 16 1 50 13 9 11
1 28 47 50 19 16
28 15 56 11 10 55 2 1 16
1 17 52 13
29 35 11 13 47 9
4 2 9
9 25 48 16 47
52 37 13 50
23 9 4 48 54 1 16 13
55 28 4 47 3
54 48 47 50 16 7 28 17 6 9
47 9 1 48 50
9 48 28 50 47 54
50 19 9 47 28 16
4 23 19
16 48 50 47 45 19 1 5
39 52 50 3 53 17 11 37 4
23 48 19 13 1 50
1 19 55 11 50 28 10
25 11 9
6 25 47 52 4 19 17
4 17 1 52 28
48 47 16 23 19 25 1 50
1 25 28 20 47 4
47 9 45 11 17
3 27 50 23 9 16 47
13 45 47 48 55 1 7
28 19 4 8 56 37
50 9 48 28
16 13 2 50 23 9 19
10 20 28 4 3 55
41 16 8
16 25 28 50 9 47 1
16 50 1 25 48
53 52 16 50 25 17 3 13
11 1
25 20 52 11 1
48 9 25 54 17 20 23 13 1 16 50 19 11 47 4 7
21 25 1 50 19 16 47 48 3
35 25 37 9 19
9 1 19 50
25 13 48 1
1 13 28 50 9
28 47 48
3 50 13 52 28 23 8 17 20
52 4
11 55 50 52 25
28 17 54 50 16 47 19 9 25
20 55 4 10 28 42 16 3 47 17 1 52 50 2 13 35 23 11 25
1 17 52 4 28
11 4 1 16 55 45 39 50 19 47
19 47 16 9 52 17 28 50 1
50 19 48 9
11 1 17 13
52 4 45 10 16
11 45 10 3 17 2 6 1 22
52 54 9 28 35 4 11 50
17 13 16 20
19 47 50 9 16
9 2 11 13 15 10 1
50 9 17 18 1 14 27 15
19 25 20
9 37 50
17 35 1 25 9 47 3 19 11
9 1 48
17 47 9 10
4 1
28 4 9 25 47 1 48 19 17
55 9 20
3 17 45 11 47 50 48
11 10 15 50 4
13 23 50
17 25 50
11 17 16
28 52 2 8 4 3
8 28 4 50
19 3 10 28 17 9
37 9 25 4
17 23
25 19 11 50 4 16
1 28 54 19 55 20
2 17 37
37 13 17
13 2 20
17 25 1 13
25 23 37
27 9 10 47 23 54
4 11 10
10 28 3
4 3 20 16
50 16 47 48
48 20 17 16 4 9 28
52 50 17 10 4 3
47 50 1 19
47 4 9 37 28 17 11 16
17 19 16 47 1 50 9
10 23 47 48 50 28
52 4 53
9 1 19
52 28 4 47 16 1 10
56 52 4 10 28 37 8
42 56 3 11 37 53 41
4 37 11
16 56
47 1 16 13
47 9 48 1 54 25 50 17 19
47 1 13 9 19
13 3 6 9 4
50 25 9 19 7 1
37 20 3 11
47 1 50
47 25 9 11 50
28 20 2 17 16
48 16 25 1 28 37 17 4 20 9 15
50 25 19 9
47 50 3 9 10 19
19 13 9
47 48 19 55 25 50
28 10 17
17 20 53 25 50 10 28 13 48
28 20 47 4
52 50 9
3 9 4 23
47 16 50 1 9
28 47 10 16 4 6 17
46 47 34 28 4 17 52
10 20 4
6 9 27 1 25 35 11 19 4 37
10 53 34 4
4 48 47 11 16 13 17 1 50
54 20 50 3
41 13
28 4 35
17 10 28 13
16 47 29 48 1 50 9
19 53 17 50 20
23 13 53
9 47 19 16 25 48
52 20 11 10 50
50 11 16 4 20
23 17 1
28 20 3 16
45 50 16 2 9 47
3 37 23
19 1 13 28
53 56 4 17 8 28 11
17 11 55 50 9 10 20
25 17 9 53 50 35
25 47 37 17
13 3 4 2 50 47 52 23
23 50 13 19 9
16 25 1 48 9 13 47
11 37 13 4 10 45
6 11 4 9 17 47
37 19 25 47
11 17 15 4 16
10 3 28 11 13 20 40
1 52 11 4 28
14 9 8 1 5 47 50 45 10 3 6
9 1 11 16 23 7 17 4 50
50 13 23 11
50 17 16 9
47 9 53 16
48 19 25 1 9
23 9 25 1
47 4 28 20 3 16
28 25 9 23 13
35 6 17 11 50 48
9 17 1 28 25
10 16 9 23 7 47
9 4 1 37 11 6 3
16 47 19 50 5 17
47 16 9 54 50 19
28 10 47 55 15
16 47 19 53 50 11 25 1
47 11 2 4 20 19 6 10 52
2 47 19
4 11 27
37 17 9
17 53 1
48 10 1 13 11 16 47
9 16 1 17 4 48 28
20 6 10 52 2 16 4
19 34 1 45 16 50 17 10 6 47
23 47 50 48 9 17 16 34 19 55
50 13 23 25
1 20 3 16 19 9
47 10 17 53 11 4
28 50 37 19 17 1 49 11 16
9 25 48 19 28
48 17 23 4 20
15 6 10 17 52 28
10 4 28 11 47 55 25 9
16 53 4 9 47
1 19 8 20 9 11
10 47
17 25 28 50 47 19
47 19 7
19 16 9 3 20
52 48 17 2 50 9
50 9 48 25
20 4 28 19
9 50 16 47 17
15 19 28 10 55 52 4
50 48 47 16
55 3 10 9 1
16 11 50 4 55 40 3 47
11 28 6 15
4 16 27 42 55 9 3 47 7 19
2 52 50 35 27 11 37
3 6 11
9 3 17 16 47 6 45 34 50 18
9 16 1 47
7 18 20 11 16 3 17
50 10 25 19 47 1
37 47 19
13 23 16
19 16 50 25 48 1 23 35
17 28 16 50 11 53 37 3 23
48 16 17 9 50 47 1
50 47 1 9 17 41
10 4 16 47 26 3
37 11 19
48 13 47
47 48 13 1
47 54 25 33 52 55 17 53
9 13 23 25 1 10 3 47 50
47 19 16 9 4
16 50 19 1
9 25 28
47 15 17 3 6 4
11 16 17
10 17 37 19
11 37 4
1 19 20 9 27 47
17 37 3 28 20 19
1 13 23 50 16
47 9 37 17 50 16 25
3 4 10 35 52
20 10 3
1 19 25 48
50 48 4 47
17 47 11
20 52 17 16 23
8 19 4 23 21 48 2 52
10 50 25 16 17 1 3 19 35 4
27 7 48 11
11 16 48
1 48 20 47 16 50 19
20 9 13 1
4 1 41 42 9 50 51 34
47 25 50 9
17 28 37
13 11 9 1 3 16
9 28 4 11
4 25 16 37 47
16 4 22 34 45 11 42
1 4 47 9 26
10 28 39 3 47 37 17 1
13 17 9 1 50
17 47 55 48 4
11 25 37
9 47 16 50 1 17 20
13 4 9 48
10 20 1 50 3 8
28 52 20 19 15 37
3 4 11 10 1 23
51
9 23 50
26 10 9 47 6 19 11 17
19 20 16
47 9 1 35 50 53
9 50 7 47 16 1
20 17 47
50 17 51 9 28 4
10 3 56 37
48 9 1
20 9 18 4 16 34 7 47 13 3
9 28 20 17
25 19 16 50 9
37 9 48
4 9 19 34 16 10 2
56 41 34 50 16
9 47 20 16 1
23 53 9 48 50 17 45 10 47
4 28 23 1 20
50 35
19 16 48 9 1 50
28 20 11 17 9 52 3 10
17 50 10 23 1 48 9
55 11 50 4
19 50 1 9 16 25
47 6 20 1 50 16
15 10 3 28 55 2
47 19 25 37 28 17
9 47 48
4 28 11
5 9 28 27 50 35 1
54 1 47 50 9 16
1 54 51 47 42 16
28 10 23 13 4 2
11 53 35 9
20 2 28 17 9
17 50 37
2 1 53 52 8 4 11 50
23 4 16 11
13 1 16 6 9 17 50 25 47
3 10 25 4
50 35 3 16 47 17
28 47 17 4 1 3
11 50 47 17 10 3
10 3 23 16 17
15 25 20
25 47 9
9 23 19
50 17 9 3
11 20 19
19 25 4 47 1 16
50 47 48 16 52 6 1 3 9
25 52 37 2
54 17 48 47
16 50 35 47 4
50 25 19 9 17 11 47
23 8
28 55 17 8 11
47 11 17 28
1 27 25 50 48 47
47 48 1 9 16
54 19 50 17 9
28 17 48 1 50 55 9
35 3 17
11 13 50 23 4 1 53 25 19 9
10 3 47 20 4
28 50 1 4 10 17 40 9
13 1 9 28
17 4 40 3 19 16 25 27
50 47 9
17 48 4
28 23 47 19 25
17 28 16
56 3 20
11 55 17 52
27 10 11 25 34 55
10 17 20 19 9 48
9 48 50 13 11
4 16 7 47 55
16 1 47 37 48 17
2 10 4 3 25
48 6 45 26 4 28
13 17 1 28
11 37 35
54 47 9 50 48 19
11 15
47 19 48 23 1 50 9
23 50 1
25 11 4
16 47 19 1 2 50 52 28 17
9 11 13 23
35 53 37
35 13 4 50 23 9
28 52 4
47 10 9 4
16 19 13 1 10 50 17
16 19 54 47 1
3 28 10 9 20 37 55 48 25
50 55 48 53
47 1 19 9 27 16 50
48 3 55 4
9 1 48 47 16
25 52 53 27 35 37 51 11 8 55 42 22 9 50 41 10 56 17 4 28
17 50 1 23 13 47
17 9 47 16 45 50 3
7 28 17 25 11 19 16 47 50 1
52 20 50
15 36 47 4
50 28 17 39 47 16 25 55 11 9 48
16 48 53 9 50
50 48 47 9 16 54
48 50 54 17 25 9 47
47 6 50 28 4
17 53
3 52 16 11 4 53 35 2
47 1 9 35 50
47 45 28 17 10
4 9 25 16 45 50 42 34 17
10 9 16 20 4 1 38 15 50 3
9 25 50 19 13 1
9 1 10 48 16 47 19
11 1 7 28 16 4
9 1 35 13 3 48 16 50
19 25 9 47 50
4 1 20 47
45 40 47 48 55 28 3 1
47 4 10 1 48 19 50
18 3 39 20 4 16
9 4 19 50
19 52 13 11
16 9 48 1 47
11 9 1
19 9 4 17 47 28
2 13
47 55 37
20 2 4 53 3 52
1 20 11 16 54 13 50
9 16 45 47 50
4 50 16 13 1 48
50 16 48 1 9 47 25
8 11 21 35 16 3 28 52
7 38 3 11 41 34 28 17 22 18 20
50 9 15 28 11
50 11 1 47
3 20 28 48 16 50 55 47 1 4 9 13 52 11 17 25 15 40 19
37 28 16 23 50 10 1
25 23 1 16 9
15 28
20 25 9
11 10 9 3
9 19 50 48
4 50 3 19 11
34 1 3 4 55 19
10 1 27 17 3
55 47 19 10 25 28 16 3 50 1
50 9 48 1 16
52 11 13
9 20 10 11 16 47
47 25 19 50 48 16 27 9
52 11 20 50
52 37 6 4 20
17 21 47 35 1 50
20 52 23
3 10 20 35 52
50 10 4 11 19
17 28 11 51
25 13 11 19 48 50
10 15 17 3 28 47
9 16 48 25 3 47
20 19 17
3 52 4 11 39
20 52 23 11
4 54 28 11
23 9 17
56 2 3 25 28 10
17 48 16 50
48 25 55 9 4 51
37 19 13
11 19 50 47 9 52 16 1
26 23 3 20 48 50 28 17
3 41 17 11 52 13
1 19 34 13 48 54 50 25 47 9 51 17 11 16
9 17 47 8 28
20 16 11 4 55 47 10
19 16 3 25
1 47 16 50
17 16 4
13 1 47 25 50 19 17 9 23
13 50 25
11 52 50 1 17
1 50 23 13 21 33 9
9 47 50
4 18 11 32
55 23 4 11 28 16
25 19 23 9 50 47
25 16 50 48 47 9 54 13 1 3 19
35 28
28 1 13 47 23 19
50 47 55 28
1 17 26 47 4
3 39 45
17 8 28
4 35 17 25 50 16 53 10 48 37 28 2 13 9 15 1 11 20 52 3
17 35 28 4 16 52 20
1 19 25 47 50
48 28 9
23 35 50 1 16
3 55 20 15
13 9 50 52 23
17 47 20 9 16 28 48
13 35 21
9 11 13 47 16 50
16 17 4 10 2
10 13
1 47 9 8 17 28 34
9 48 50 11
50 47 9 28 3
10 19 23
1 9 47 19 25 4
1 54 16 17 9 48 7
23 4 9 28
9 19 13 50 17 1 25
37 11 52 9 23 3 53 4
48 25 28
13 25 11 23 4 48 17
50 23 4 7 11 47 16 19
17 4 13
50 25 9 19
50 25 37
47 55 3 4 17 15 48
20 4 53
13 23 3
50 53 20 3 13
25 13 9 1
4 10 11 35 8
1 35
19 27 13 37
9 1 25 50 20
47 16 11 10 20 4
13 11 4
25 47 16 4
4 11 52 56 28 3 53 10
55 25 19 11 16
4 1 47
4 10 1 16
19 47 9 1
47 19 9 50 1 25
48 47 4 16 3 45 43 34 6
28 11 47 50
10 4 11 35 50 19 25 47 53 1
55 4 10 28 47
1 16 9 47 50 48
42 13 50
20 4 3 50 35 10 28 9 7
23 11 9 2 20
34 1 48 3 8 20 23 50 17
23 11 13 4 41
28 13 23
52 4 3
20 19 1 23 13
7 47 1 25 28 48 55
1 19 47 16 9 25 23
28 1 9
50 47 9 23 13 16 25 40
27 4 37 50 40
4 9 28 16 50
23 10 17
9 50 47 48
53 35 17 3 9 10 47
23 25 13 17 28 37
23 50 52 13 11
25 17 52
13 56 11 3 50 37 8 4 52 53 25 23 9
25 9 48 37 20 27 17
39 1 29 4 10 3
13 20 35 52
28 35 1 16 50 19 13 9
8 4
9 17 50 47 5 29 48 1
20 19 9 4 16 11 47
50 39 16 3 4
50 1 41 8 28 21 16 4 17
52 19 17 48 7 47 16 50
10 16 1 50 47 9 28 23
50 19 16 35
10 7 19 50 48 47 13 25 1 18
2 16 25 11 50 13
17 20 9
54 4 2 52 17 50 25
4 1 37 47
19 28 37
20 15 10 28 55
17 28 11
19 16
37 45 1 4
37 9 11 4 50 19 25
47 48 3 10 55
28 13 39 36
50 1 47 11 9
52 28 4 13
20 10 48 15 47 3 17
13 2 9 50 6 4 11
3 20 10 4 11 17
16 2 52
50 19 5 47 1 25 16
19 1 37
9 35 11 3
50 35 4 25 19
52 47
13 23 19
9 53 23 40 20
47 19 9 25 50 1
17 9 28 25
4 11 25 17 3 23 28
3 1 50 9 16 37
50 16 19 17 1 48
1 17 16 9 47 6
25 9 47 16
4 1 11 50 55
20 52 22 6 4 28 1
50 37 47 25 46 3 19
1 11 37 20 10
19 25 11 16
4 9 55 16 50
50 3 13 11
9 47 4 48 28 3
52 4 11 16 2 20
28 25 13 9 17
50 48 16 9 17
3 28 8 13 50 1
19 4 11 17
52 20
19 1 23 50 47 9
4 19 25 37 17 15 48 28 10 47 45 16 1 3 27 7 11 9
4 37 25 17 11
16 47 19 50
1 10 3 17 47 19 39 9 28
47 25 37
50 56
11 6 4 35
1 19 23 4 17 50 28 11
2 28 20 45 17 3 15 52 26 6 10
47 9 4 10 40 19 16
50 25 9 1 11 19
48 7 4 15 1 27 47 16 9
4 50 13
16 7 28 10 9 25 11 47
56 29 23 16 50 55 13
13 11 23
50 47 16 10 19 23
13 20 47 15 4 3
10 47 52 55
20 16 7 4 11 6 19 15 1
34 3 28 10 50 17 11 1 47
27 9 6 3 48 4 25 47 1 10
23 1 9 19 13
16 47 50 11 48 55
11 23 13
1 50 16 9 47
28 3
26 28 10 11 3 17 4
8 28 4 2 20 35 15
9 50 1 13 48
16 3 4 50 11 20
1 4 27 50 11 3
10 28 50 52 4
19 1 56 28 17 3 9
17 4 7 11
8 3
2 23
16 9 1
50 16 1 9
48 52 9 50
17 25 9 50
20 11 13
47 9 50 1 11 35 16 23
50 9 20
11 1 9 50
3 16 13 23 9 18 50
9 37 25
2 20 17
3 8 20 52 53
6 22 40 16 28 4 3
47 17 15 4 1 20 9 11 10
23 47 4 10 11 28 55 3
55 6 15 48 50 4 37 47 3
45 9 17 32 50 47 1
1 47 50 25 19 9
55 50 4 16 47
16 29 33 32 23 1 9 27 47 48
3 10 41
50 6 9 47 4
9 27 23 50 47 25 16
9 23 19 16 48 50
6 52
28 50 17 11 9 4 16 7 33 40 1
55 13 56 1 23
9 52 28 4 10 19 47 16
9 1 50 35 25
55 2 20
39 11 52 3 50 47 51 6 2 25 10 4 55 48 20 37 9 17 41 19 28 1 16
23 11 9 13 2
19 11 25 4 28 17
37 19 9 17
9 48 16 4 17 20 55 41
11 50 17 28
16 27 9 19
13 1 28 17 5 9
11 27 52 35
37 9 2 11 19 17
11 47 9 4
11 16 1 25 50
13 23 2
17 16 9 50 19
17 50 47
28 56 20 1 50 17
47 54 11 3 1 17
11 35 15 54 9 4
1 9 7 17 8
16 13 1 9
4 28 1 25 47 48 6
55 17 52 47 20
11 4 13 28
54 47 23 4
47 50 16 19 9 1 3 27
9 37 47 50 25
37 48 50
17 37 28 16 20 4
4 47 16 1
1 27 16 47 48
25 48 50 8 56
47 19 28 16 50 48 17
10 23 47 4
11 1 4 17
9 1 2 53 50
11 23 17 4 3
33 13
9 1 4 11
28 19 37 4
1 16 19 9 47 50
4 50 54 47 16 17 3 35 52 1
36 52 19 3
53 56 52 10 55 19 27 3 2 47
28 20 15 1
47 48 35 17 9 50 2 3 53
11 20 3 10 47
19 47 14 54 11 25 50
37 50
55 9 16 3 10
50 47 53 11 1 17 25 23
50 8 37
1 4 50 25 16 47 9
47 9 17 16 50
48 16 47 28
50 25 17 16 13 9 19 47
47 27 16 11
47 53 52 25 50
40 37 47 28 8 3
45 4 48 17 47 1 19
13 11 10 4 48
11 25 47 9
47 28 4 20 16 48 25
25 37 17 28 47 19
17 47 28 50
28 56 3 55 50 10
4 10 45 28
9 17 28 13 4 1 35
16 28
28 9 20 50
34 16
41 34 42 22 51
50 16 11
1 28 17 25
17 10 55 9 1
9 50 48 28 25
7 4 16 20 1 28 17 6
17 47 7 6 35 16 4 50
4 15 27 11
9 47 19 29 50
19 48 47 9 50 1
28 45 35
51 38 3 50 47 34 16 45 11
11 50 4 52 25 37 13 23
3 17 28 45
47 1 48
3 1 52 21 9 48 20 10 50 17 2 28 47 16
1 25 28 9 19 17
53 20 3 10
16 47 9 10 19
17 50 9 48
20 17 1
28 1 17 50 3 47 16
1 11 28 4
9 3 52 10 28 50 16
20 9 4 35 11
15 25 3 16 10 4
16 17 11 47 19 25
52 13 28 55
4 50 11 17
35 4 7 50 28
50 1 16 48 9
17 10 47
29 46 7 16 5
50 1 3 19 16 4 17 10
28 5 16 17 9 1
19 47 16 50 9 54
16 48 50 47 4
9 47 20 17 1
11 1 9 16 50 52
25 9 17
17 9 25 48
4 53 9 17
28 9 47 4
52 17 9 55 50 4 11 25
17 48
11 9 1 10 52 25
10 28 17 15
48 1 16 9 47 50 25
20 3 45 10 11 4 28
17 48 28 50
48 47 23 19 50 17 45 25 1
50 1 19 13
19 4 11
11 15 25 53 10
17 28 1
10 3 11 14 36
47 10 56 55 19 28
47 28 48 20
47 1 28 17
25 17 50 1 47 3 9 19
50 19 9 16 37 47
13 1 20 3
28 47 50 9 13 19
13 4 23
19 27 1 3 11 4 16 47 48
2 37
55 17 37
10 52 4 28 11
9 1 13 50
50 16 2 3 4 53 17 47 9
51 48 41 19 9 13 16 47 34
17 16 3 47 28
19 16 9 1 25 47 4
1 47 9 13 25 23
9 13 47
8 4 9
11 52 37
1 13 16 25 55 9
16 25 9 48 50 47
4 47 3 10 54
10 16 4 6 47 28
3 17 10 8 35
3 10 37
3 15 37 10
9 48 16
45 16 47 15 1 4 48 50
4 3 10 17 28 11 16
20 50 19 17
47 1 16 13 48 19 11 50
20 19
47 1 17
28 25 11 37 19
1 47 19 50
23 47 37 50
4 28 11 9
50 47 20 4 10 16
23 11 9 13 10
3 31
55 13 3 23
47 2
47 11 1 15 9 6 17
9 17 23
19 1 9
16 54 17 27 9 47
19 25 9 1 17
10 9 17 50 15 25 47 16
53 13 23 10 3 4 20 17
29 48 1 47
20 47 16
52 10 15 44 20 3
2 11 20 1 25
4 11 47
48 1 11 3 16 9 19
17 37 47 3 50 10 16 11
50 1 13 17 9
50 13 9 19
52 4 53 8 28 56
39 35 3 36 29 16 47
16 50 47
9 19 54 47 25 1 50 13
37 10 4
50 9 54 11
19 50 47 55 4 1
8 52 53 47 16 4 17 25 11 1
16 28 4
9 1 48 50
13 2 56
13 20 55 54 3
19 4 48 55 25 50
19 55 28 35 20
17 9 35
50 9 47 3 19
3 16 45 50 17 1 47
1 11 50 4 16 25
28 7 1 27 50 19 9
47 6 1 48 9 50 19 16
4 10 20
47 9 1 16
50 19 9 47
19 11 37 23 13 50 4
48 50 9
10 28 4 9
16 1 17 10 4 3
37 1 28 11 47 19
37 52 3 19
25 4 48
4 48 16 47
50 37 25
16 11 1 23 50
16 9 50 17 52
13 6 11 50 17 7 47
9 1 17 16 28
16 10 19 4
1 54 47 35
19 20 53 4 50 11
52 3 11 50
48 47 50
28 47 4 48 10 52
47 19 16 9 1
56 55 28
20 45 17 6 1 4
11 20 35 3
47 17 3 35 11 4 16
52 11 47 2 20
28 8
52 46 56 8 28
19 23 20 25 47 9
9 11 55 50
56 48 42 3
16 55 17 4
48 9 11 19
23 47 10 13 8 15 11 50 16 7
13 47 3 16 7
9 3 1 35
28 17 19 9 1 16
19 1 9 28
9 52
2 50 13 23
47 23 9 1 15 13
16 25 19 20 1 9
50 1 17 4
4 16 1 37 25
1 9 11 37
19 50 47 16 23 28
50 20
28 20 17
25 54 48 47 16 1
19 3 28 17
41 28 47 11
16 15 52
3 55
20 15 17
47 28 16 54 1 40 9 35 3 50
55 1 48 17 9 47 16
4 11 19
37 9 53
48 19 9
3 47 11 10 1
15 28 20 3 17
45 1 50 15 4 3 11
11 8
25 50 48 47 1
19 25 50 9 48 54 16
9 11 23 37 13 2 47 16 1
48 16 1 50 9 37 47
1 50 28 47 9 19 16
1 25 13 10 52 4 47 16 50
25 1 50 28 16
28 17 11
20 50 11 55 19
17 13 19 11
17 47 28 6 16
25 9 28
9 11 19
9 23 1 19 13 47 50 48
3 52 35 2 11 23
9 47 16 28 25 1
1 3 13 9 17 50 25 19
27 1 37 16 11
2 52 19 4 11 48
19 23 20 35 37 47 11
10 4 28 9 55
29 13 50 1
50 1 13 16 48 9 3
7 19 48 47 16 9 50
1 48 4 16 9 19 28 27 49
47 6 20 3
17 20 16 50 1
47 17 16 20 50 9
1 3 10 27 35 19 11 54 37 9
50 35 20 2 53 4 10 9 52
47 16 17 4
28 17 1
23 11 13
11 48 17 25 4 13
9 48 28 25 50 16 47 17 19 11 1
47 17 3 4 1
19 9 37 1
47 25 3 16 17 13 10
15 13 23
47 50 1 16 9 13
47 50 2 9 35 52
19 37 11
16 55 19 17 47
11 50 19 1 9 16 47
52 4 3 2
14 16 9 25 33 50 1 23 3 29 19 17 55 21 48 4 36 7
13 2 4 16 41 47 9
48 23
4 47 27 11 25 16 17
4 26
2 28 23 13 37 4 52
28 23 13 19 25
50 9 13 16 1 3
53 8 3 23 16 48 47 20 52
1 9 47 50 19
9 23 50 25
19 20 4
16 9 25 50
48 1 16 11
10 25 3 20 53
21 9 1 16 13
19 11 4 28
1 19 48 47
11 19 28 52 23 25
23 13 29 56
19 11 16
1 50 48
50 34 9 16 47
20 56
17 50 23 13 9 25 19 16
17 23 50 9 1 47
41 34 16 51 22 3 42 38 1 11
11 52 3 50 16 4
1 13 17 19
25 17 47 50 7
11 8 56 19 1
25 50 16 7 19 47 4 1
1 15 28
35 20 3 37 2 25 9
52 50 53 35 20 28
16 8 17
9 28 23
11 13 9
9 23 13 19 11 52
23 9 13
1 18 7 4 47 17 50
28 20 37
23 40 25
35 47 3 19 17
10 4 47 48 45 37
51 1 13 23 20 41 9
9 16 47 50 19
16 1 50 17
3 4 48 28
1 25 50 19 9 16
8 17 4
16 3 17 47 52 2
48 4 40 55 47 10
3 14 44 4 47 7 16 1 10 11
53 4 20 3 11 52 36 16
8 2 19
1 33 9 28 18 48 50
19 28 16 27 48 50 54 9 47
45 1 4
19 20 50 9
48 47 25 1 50 19
9 28 25 19
1 53 13 52
20 6 11 53 17 1 37 52
15 20 19 28 4
25 28 16 4 48 47
28 50 48 11 19 25
52 9 23 1 50 8 4 3 28
1 16 4 19 56 9
17 53 47 3 16 11 37 6
16 47 52 28 17 20 9 19
50 19 28 11 47 3
16 3 20
8 50 56 37
9 17 4 25 3
16 9 48 19
9 28 25
48 47 9 50
17 47 1 6
19 9 47 50 1
33 36 10 1 50 56 16 29 25
50 25
16 28 8 53 47 41 23 22
11 50 47 7 4
19 9 50
3 17 15 28 16 20 4
17 19 28 47
9 50 16 19 48 25 13
50 19 17
28 4 3 47 16 19 10
16 4 47 17
23 11 9 19 1
3 17 27 53 35 28 6
50 7 17 28 16 9 47 48
3 17 20 6 13 19
53 50 19 17 9 15
47 19 15 17 55 1 16 25 4 50
4 3 47 17
15 10 4
20 37 11 4 53 3
54 9 37 1 19 23 55
47 16 10 4 3 28
50 9 27 16 45 25 40 1 3 10 13
4 34 17 47 26 50 16 10 28
13 50 19 10
47 16 2 50 13 19 8 1
28 55
17 41 56 13 8 23 10 55
19 50 9 11 48 2
20 35 13 40 39 17 25 47 11 14 28 16 26 29 9 19 1 15 48 4
28 4 10 15 47 20 9
52 11 28
40 11 4 21
20 9 17
35 8 16 37 20 2
1 9 13
9 47 10 16 50 48
50 16 3 45 17 27 1
10 15 56 11 25 3
54 16 17 13 47 20
9 16 7 17 50 1 47
16 48 17
17 20 28 16
47 9 25 7 16 13 48 50
23 48 9 50 47 19 13 16 1
4 16 9 1 28 48
25 26 17
11 48 9 27 47
3 11 50 9
55 1
28 5 9 40 17 1 23 25 50
28 3 37
40 47 17 6 31 10 4
50 16 47 4
45 7 20 25 1 6 8
9 19 23 13
17 37 20
17 1 4 11 9 2 52 50
20 13 4 10 55
17 19 4
3 19 10 28 17 20 4
16 50 47 48 28 3 17 7 11 1
8 16 35 4
28 20 11
1 19 48 37
47 17 1 4 48 20 42 15 16
19 9 50 1
52 9 54
20 19 4 11 2
28 20 4 16 11 17 23
19 2 10 55 4
47 16 50
17 4 3 5 7
50 1 47 9
52 16 47 11 37
16 47 4 1 17 13
25 50 9 1 17 19
2 1
4 10 11 47 52 17
50 19 11 4 9
9 11 4 25 33
17 19 20
50 9 27 47 11 16 25 19 1
19 11 16 9
23 47 13
47 50 16 1 9
28 9 17 16 3 50 14 47
55 52 16
52 31 3 17
50 9 11 47 4
37 25 19 20
20 13 1
9 4 47 16 19
17 4 6 10
8 1 13 35 50 47
10 1 35 50 4 25
13 28 19 11 8 35
9 19 26 1 28 20 15 17 47 50 10 16
37 25 23 13 9
25 19 37 13
50 27 47 9 19
25 17 16 1 37 47
4 3 35 37 31 26 27
1 9 5 48 47 16 50
23 48 19 25 13 9
47 48 1 3 17 16
10 3 17 28 6 1 39
37 9 47 23 16 50 13
47 3 16 19 1 9 50
20 48 45 15 22
28 17 2 16
52 25 9 6 13 33 4
10 50 1 17 16 25 19 9 47 48
54 17 25 28
1 15 23
50 10 48 47 25 17
20 37 16
9 48 10
35 53 56 47
11 28 4 1 47
19 50 9
47 17 28 11
11 3 17 52
50 9 4 3 47
9 37 23
11 48 25 9
53 11 1 56 28 13
1 17 9
53 11 47
28 1 15 20 11 19
50 52 19 1 48
7 48 47 50 25
50 25 13 37
20 25 9 37
1 13 19 17
19 50 11 20 2 13
45 3 7 17 1 25 22 9 11 50 4
16 23 17 19 54 13
1 13 9 10
3 22
3 56 1 20 40 10
37 13 11
11 50 19
11 16 1 28 9
45 15 4 28 34 7 27 9 20 6 5 10
1 50 5 19 16 9
50 4 17 3 27 15 47 16 23 19 34
4 16 17 8
7 53 47 1 29 13 33 35 50 27 10
20 53 55 25 28 56
41 16
26 16 4 17 37
3 17 20 48 25 9 11
50 9 48 19 16 1
47 19 13
8 4 3 16 47 1
17 6 47 52 53
17 16 47
4 35 17 47 55 10 6 3
3 4 10 13
9 50 16 1 47 54
29 48 21 23 50 25 16
47 37 50
1 16 25 47 50 48 9
3 17 15 37 20 4
28 1 9 20 4
1 17 19 16 9
35 23 29 33 32 13
52 20 41 17 19 50 9 5 56 1 3 8
9 25 1 48 19 13 23
19 50 9 48 47 16 13
10 4 47 55 16 1 50 7 9
11 35 53
16 9 52 4
17 50 9
16 19 3 10 48 1 47 4
17 54 50 28
17 47 20
25 9 17 16 11 13 19
17 16 50 20 10
33 9 47 54
35 4 50
48 1 27 47 9 17 16 23 54
13 1 23
17 16 9 47 50
17 16 28 11 25
52 11 48
28 52 11 47 17 4
48 25 17 1
4 50 11 35
10 4 1 9 11 23
47 13 3 6 19 50
19 48 47 9 50 13
1 50 47 6 19 5 18 9
17 3 37 19 47 5
47 7 4
23 16
9 25 11
16 11 9 48
25 11 50 10 1 19
3 10 20 13 19 37 15
4 35 6 11
4 11 19 20
28 23 25 20 13
50 13 47 23 35 9
9 47 50 16 19 27 17 48
16 50 15 10 1 9 28
48 15 28 9
23 13 16
16 19
4 2 11 52
6 4 8 16 17 3 1 41 23 55 11 28
47 9 25 50 48
35 1 50 7 47 16 29 9
48 10 13
15 11 19
17 3 1 7 16 11 9
10 47 50 1 16 25 19 9
17 4 47
9 10 11 20 4
19 17 48 9 47 37
13 29 8 55 47 16
10 52 16 47 9 17
13 23 11
45 16 35 53 54 20 17 2 11 4 52 28
29 37 11 6 42
28 48 19
1 4 9
47 9 3
11 19 28 50 25 3 35 53 9 1
8 25 48 50 19
1 17 25
34 41 17 3 42 51 11 10
11 13 17 23 20
16 56 1 9 48
9 19 25 48 47
35 47 50 17 13 23
23 1 37 13
23 9 50
10 15 28 6 17 4 23 50 47
11 52 25 1 48 47
35 13 19 47 16 1 50 11
20 50 19
47 9 19
13 11 19 4
10 3 28 20
25 13 47 37
2 3 9 28
50 29 47 9 19 13
4 9 40 16 50 48
9 25 1 4 28
35 47 45 16 10
16 13 11 9
35 47 16 37 28 9 53
55 10 6 4 1 42
11 19 13 23
54 1 47
16 17 9 11
17 50 19 47 20 16 13 1 9 54 28
13 1 9 47
4 15 11 28
35 11 48 16
47 16 25 19 20 17 3 11
4 52 3 11
20 11 48 19 17 47 9
8 17 1 9 25 50 35
47 9 19 23 34 17 8 11
47 28 50 17 19
4 47 28 3 10
56 47 50 3 13 55 20 1 19 53
3 20 52 15 6 28 17 4
25 9 19 11 4 1 52 13
3 17 40 27 47 10
25 36 50 4 19 13 52 11
37 19 11
37 8 50 35 2 19
9 55
11 1 10 50
17 20 26 47 1
16 9 11 17 28 4
4 13 3 27 11 1
9 25 19 1
37 3 52 11 47
53 19 11 52 47 4 1 25 9 17 16 2
23 13 9
16 19 4 9
1 47 17 28
4 13 55 43
11 50 9 48
50 20 16 48 1 9
11 47 52 37 10 3
20 53 52
9 23 1
16 56 52 3 19 1 25
16 50 37 28 11 47 4
28 55 10 25 56
51 17 39 3 11 10
39 48 52 10 11 4
48 9 25 19 47
11 20 3 10 17 47 7
54 4 1 17 9 16 47
16 53 4
50 15 20 45 6 47 13 16 4
53 16 50 47 48
20 11 10
20 47 16 52 2 17
17 47 19 40 28 2 15
48 4 47
9 48 47 50
15 9 17 25 16 47 1
17 4 2
10 17 40
6 26 18 11 17 4 22 27 9 3
50 9 47 35 8 25 19 11
17 1 52 2 3 8
1 37 28 9 47 19 48
3 1 28
9 50 1 28 23 21 13
23 13 21
41 20 9 47 16 55
25 50 7 11 10 17 35
10 4 34
1 17 16 47
19 25 16 50
13 9 47 19
23 9 19
28 11 50 13 23
7 5 11 16 54 42 26 25 32 15 4 45
50 17 48 28 20 47 9 19 25 16 7 1 54 37 4 52
8 53
28 10 50 45 40 23 47 13 4
47 35 9 16
9 16 1 47 50
1 20 9 2 50 19 17
50 20 9 28 25
52 15
47 16 28 1
20 11 1 9 50 19
16 2 50 22 6 47 1
34 4 51 37 3
19 9 47 48
1 53 13
10 11 17 55 47
15 16 56 20 3 10 26
17 50 11 52 53
23 25 11
53 3 17 47 16
35 9 20 1 50 23 28 4 3 19
8 4 13 50
3 11 1 52 20 9 50
13 50 25 16 19
9 19 47
55 6 39 28 3
19 13 11 9 50 23
17 25 37 47
16 4 20 25
20 10 11 28 2 17
19 16 9 25 40 15 48 1
1 13 16 50
35 40 23
25 2
10 50 16 3 53 20 23
9 28 16 17 47
28 2 3 10 16 4
19 20 23 28
37 52 13
47 16 1 9
11 25 35 54 17 7 18 50 1 16 4 19 9
37 27 52 17 4 50 16
19 28 9
37 17 4 50
8 1
50 17 9 8 2 20 54 55 16 1
17 50 20 37 35
37
35
56
19 8
2
8
55
34
34 51 54 8
55 8 2
14 23 34
19
39 6
29
7
29 44 15
45
15
7 54 35
34 42
29 54 19 6 2
8 52 53
35 23
37 35
45 51 34
23
52
53
35 23 6
6 35 53 37
39
15 6
7 15
52 39 45 34
39 6 27
41
56 53
8 2 15
45 40
27 7
5 23 26 34
53 8
6 37
26 7 15
8 2
37 19 27
56 19
2 6 19
7 55
7 8 35
45 44 37 56
45 27
32 33 6 14 39
6 53
54
5
45 6 42 2
42
14 7 45
35 2
6 34 39 43
6 2
45 7
6
2 35
6 34 42 41 51
54 15
56 15
35 45
23 53
35 53
19 56
45 6 5
54 19
56 8
15 2 35 18
40 53
52 21
2 19
21
45 15 43 26 39 44 6 46 55 19 56
8 56 35
49
34 41
15 7 34 40 6
7 45 2
35 19 52
14 2
22 15 7 29
54 35
34 23
6 15
6 19
7 6
37 49 35 53
40
45 6 2
27 46
54 35 55 53
36 19 5
56 2
56 52
42 45 34 37 26
7 5 22
23 52 35 53 19
37 5
35 27
35 52
19 54
45 6
6 41
41 15 51
52 55
7 23 27
5 19 23
53 52 8 56
6 54 19
45 21
55 19
27
34 51
22 51 42 23 27 21 7
39 21
15 52
6 7 5 15
40 27
23 7
45 37 54 15
6 40
18 26 49 35 55 56 53
36 39
45 8
6 27 19
23 31
15 23
5 41
54 53 2
2 52 35
45 34 15 42 51 41
41 51
22 49 45 34 6
23 35 54
53 35
45 26 40 35
6 52 2
55 35
45 41
37 55 53 2 35
27 29
45 52
15 19 55
7 53 55
15 35
8 7 22 23
19 54 2
56 35 52 55 2
52 35
54 19 29 33
23 19 54
45 15
23 6 54 19
35 53 56 52
6 36
52 37 7 38
27 19 35
35 27 51 19
5 7 27 18
45 23
8 52 2
8 44 56
2 39 52 29
45 33
39 27 36 37 8
19 55
22 52
23 35
55 52
52 2 53
55 2 56
45 8 29 5 53
7 53 19
37 15
2 39
6 44
37 35 19 53
27 7 5
7 5
26 19 29 55 56 54 23
6 18 22 45
15 27
46
2 27 52
53 35 6
29 37
39 7
42 40
40 23
42 46
33 19
27 6
18 7 39
29 19 54
45 31 39
29 27
6 39
55 2
53 2
7 19 54
27 42
56 37 53
8 53 56
7 35
55 8
7 42
27 19
23 55
40 2
8 15 19 55 53
45 6 52 35
7 46
15 55 19
19 15
15 40
19 35
54 6 27 46 22
35 53 54 21 23 15
19 40 54 36 29
44
15 52 54
39 19
31 53
6 52 15 19 35
15 7
36
8 6
23 36 2
37 8
8 2 52
7 18
51 35 53
45 51
7 27
5 29 33 15 27 6
6 53 15 40 35
53 2 19
39 15
45 34
39 6 40
44 15
6 56
52 51 5 27
23 54
35 54 8
45 43 42 34 6 40 2 15 41 52 8 19 35 55 54 56
27 35
51 34 55 54 53 19
5 42
34 42 51
7 27 22 18 5
26 35
2 15
26
44 19
27 19 52
22 45 27
27 6 52
53 6
35 55
55 40
6 27 2
23 21
34 41 42 52
23 8 56 54
42 27
8 5
6 35 53 7
7 27 22
7 36 54
14
51 52
37 21 8 53
27 8 5 35
6 27
6 43 35 39 23 15 21 29 33 52 2 19
8 35 6
21 23
6 53 27
5 52
29 41
23 2
55 6
54 55
32
27 36
23 27
52 6 23
15 6 22 18
51 15 52 54
35 39 37
2 6
53 52 2
6 5
6 36 35
15 6 2 45
39 40
56 35
35 56 8
6 55
7 34
6 55 49
6 49 26 2
53 35 37
36 15 8
40 6
52 8 56
55 37 2
35 54 6 8
53 19
40 23 27
56 55 2
34 37 53
5 26 45
39 26 34 23 45 15
2 21 55
35 53 6
52 56 2
14 39
23 38 6 15 51
52 8
6 18 23
53 55
5 37
8 41 19
34 39
52 18
35 15 52
45 6 8 40
35 52 53
45 6 51
27 19 54
19 54 35
40 15 19
27 22 18 7 23
55 15
46 7
52 41
45 44 43 39
45 27 7
45 15 36 44
35 19
43 44 36 2 52
52 8 19 54
6 26
8 37
18 2
41 34
23 19 35
36 46
39 53 2
29 34 42 41 51 55
45 34 41 39 42 51
8 56
46 8 19 35
15 45 43 26 6 7 40
8 7
35 6
26 52
45 19 35
34 29 22
37 27
7 39 6
6 35 15
35 53 6 15
55 56 54
40 15
29 55
23 2 35 21
7 54 40
37 6
43 19
42 51 41
45 19
45 44
34 42 55 41 2
40 21 23
6 44 22 27 45
45 5 15 2
45 26 53
7 14 18 39
27 18 7
45 55
27 18
56 8 35
21 35 19
33 26 2
45 29 7
32 7 33 29
6 45
18 26
37 27 7 19 53 52
43 15 42
29 8
2 8 23 56
56 2 53 35
37 7 53
19 7 18
42 45
7 29 33 8
5 55 8
36 27
15 39 56 55
39 35
53 35 23 8
45 39
42 56 34 55
7 19
29 19
35 7 23
52 6
51 34 22
18 43 55
7 35 54
7 56
46 36
52 8 53 2
34 5
15 45
7 35 8 5 19
56 51 53 52
41 52
27 41
43 44
29 33
31
2 56
6 33 29 41
42 35 40 53
35 23 53
45 36
35 51 34 6
7 56 18 32
42 41 35
43 15 44 39
38
7 15 37
34 42 41 51
22 42 38 45 34 41 51
45 26 6
15 37 18 45
6 53 52
42 41 35 15 8 2 55 53
7 2 40 6
19 53 37 2
26 6
54 39 18 21 6 27 35
51 52 15
8 37 35
29 54
6 55 8
8 35
34 41 6 15 8
8 54
53 2 36 44 39
37 7
18 26 34
26 29
23 53 55 2 8
52 54
2 45
6 54 52
51 56 41 22
33 23
19 15 35
19 53
15 7 26 53 40
6 35
8 56 52
6 15 51 34 37
44 27
27 6 46
41 53
15 53
38 7
23 15 56 35
37 5 27
51 42 29
36 33 19 29
45 54 15
27 52
22 45
41 51 34
15 22 44 45
18 7 5 27
19 5
37 52 8
56 34 42
33
27 54
15 37
19 2
45 29 32 35
35 15
6 39 18 22 45
6 27 45
36 39 15 37
35 8
41 2 52
26 7 37 45
52 53 2
41 35
33 55
34 42 51 21
5 18 27
5 19
23 29
55 5 6
21 55 52
45 6 15
7 45 34
2 27
27 52 39
44 39 15 6
53 52 56
19 53 52 2
53 27
43 45
41 51 55 53 40 37 2 35 54
29 56
15 2
43
51 40 23
37 45
37 54 53 6 35 15 52 19 2
41 39
39 55 8
8 35 6 27 2 23 52 40 15
15 23 2
2 52 6 35
55 21
40 35 8 19
15 6 26
15 8 2 53
37 35 53
23 52 2
45 7 15
6 45 7 34
2 53
22 7 15 35
6 15 52
6 35 7 19
8 56 15
6 49 52
19 54 27
26 15 40
18 22 7 5
26 23 6
5 7
7 37
5 7 27
6 54
22 42 6 52
26 19
23 15
43 40
39 23 19 27 52
6 19 2
35 15 6 40
6 46 2
45 46
37 39 42
37 35 15
55 56 8
15 6 34 23
5 23 7
27 21
6 7 26
19 38 26 6 29
31 5 14
22 39
22 44
38 15 56
22 42
27 55
34 51 41
35 54
29 34 23
23 53 37
15 55 2
35 42 27 53 52
7 34 27
34 23 27
40 19
6 7 22 15
42 19
23 41 19
7 21 27 23 29 19
45 42
42 51 41 34
15 19
52 23 19 35 54
23 21 19
39 44 52 53
35 45 7 23
7 5 26
46 29 34 23 7
8 23 6
7 27 22 54
53 35 2
45 2
7 27 19 37
6 31 15 26 23
8 54 19 6
7 42 53
38 54 2
33 27
37 35 41 56
6 37 41
7 18 6 41
15 6 53
21 54
6 41 55
33 27 23 21 6 29
37 27 53 19 23
19 34
53 35 2 8 52
2 37 52
5 22 43
55 7
36 35
36 14
55 23 51
32 35
33 2
7 8 18
45 15 42
53 56 2 52 37
52 2 19
35 55 53
23 37 8
35 37 52 53
34 23 39
53 19 8 35
15 18 7
6 34 15 19 54 53 52 2
22
27 26 35
19 40
44 39
33 18 5 38 32
23 33 21
52 7 45 15 6
55 19 15 53
6 5 19 15
53 35 19 52 55 15
22 35
37 35 23 21
21 15
54 40
45 6 52
21 26
37 54
6 7
23 52
7 40 26 15
27 54 37
33 19 37 2
27 18 5
14 45 43 6 36 56
27 55 15 56 19
38 41 55
27 29 53 35
39 45
7 19 32 45
8 15
56 15 35 6
51 22 42
55 8 15 41 2 35 52
35 56
7 45
52 8 19
8 35 56
29 35
53 6 35
23 35 53 21
55 39
34 51 6 15 36 43
2 8 35
15 42 29
27 18 53 7 29 21
45 34 15 42 41
7 29
26 43 53 52
22 6 35
31 15 39
18 23 56 54 55
31 45 6 26
29 15 35 51
40 8
41 8 56
55 26 37 27 44 2 8 56
53 2 15 35 19
33 29 23 35 52
39 2
21 15 19
33 52 6 56 55 19
23 52 55 56
35 8 52
6 27 7
5 2
56 55 19 2
7 35 27 6
37 52 55
34 19
34 7
49 8 52 35
37 27 7
55 54 19
7 26 44 39 37 53 23 15 55
53 52 19 35
51 15
5 35
40 6 41 51 52 15 54 35 55 19
27 45 41
8 56 21
27 52 2
8 53 52
23 8 54
54 19 2
15 22 6
5 26
18 7 45 34
45 15 34
42 22 34
7 52
2 55 56
21 5 19 23 2 53 8
2 35 55
37 29
7 39 6 35 2
45 22 34 14 41 42
34 40 7
42 6
15 6 55 54
15 8
6 51
7 34 27 49 6
6 55 15
34 41 26
7 53
45 15 6 42
35 5 41
7 56 8
15 7 46
37 34
14 52 53
42 37
45 39 49
40 6 22 15 45
23 54 35
23 39 36
34 7 29
21 33 29 19
35 8 56
51 38 34 42 41
43 36 42
35 43 39
7 54
27 2
32 7 5 35 37 23
27 39 6 19 53
37 32 29 5 7 54 33 19
7 19 38
52 35 53
34 55
41 29 54
56 21 52 2
35 53 7 26
35 8 19
52 53 35
55 2 54 6
5 27
45 44 55
55 18
56 6
14 7 27 6
27 6 26 45
53 39
27 53 8
38 42
37 18 5 7
56 15 55 2
35 29
7 6 54
45 5 19
39 53
6 52 19
27 23
19 8 56 37
41 8
7 23 19 54
55 42 2 35 23
6 2 45 22
18 27 14 15
55 19 54
27 54 23
56 8 52
56 42 41 53 37
34 52 46
6 27 35
53 34
45 37
45 14 6 5 8
7 23
19 2 52 6
6 45 34
52 6 15
8 19
19 7 42 27
35 27 2 52
6 18 45 34
18 7
19 35 23
54 33 53 52 55
21 23 2 52 8 19
34 51 42 41
22 34 45 42
39 37
56 37
18 7 34
34 2
34 41 56
23 53 45
5 27 35
42 51 54
53 8 2
23 19 53
19 40 27
34 27
26 6 45
51 55 22 41 42 56 8 37 35 27 53 52
36 15
2 35 53
34 42 45
15 38
18 39
8 35 21
18 7 22 38 41 34
52 55 15 19 40
35 21
52 39
51 55
23 26
34 51 54 19
23 21 33
32 18
52 15 35 37 2 53
21 35
8 34
56 53 52
45 34 6 43
23 34 8
23 41
27 40
56 37 8 52 53
39 29
29 5
8 21 41
19 18 7
2 54
39 36
53 40 23
52 6 22
37 46
27 7 45 37 15
6 26 15 45 2 52
27 7 15
29 23 56
7 6 19 15
8 15 35 2
18 23
52 53 8
22 40 6
15 6 55
32 45
29 33 32 23 27
40 33 7
23 55 56
19 39 52 41 51 2 37 6 55
55 41
35 15 54
7 8
54 52 35
27 2 55 53 56
35 53 2
14 54 19
8 40
34 42 41 22 51
7 35 6
45 35
45 34 38 51
21 52 2
5 7 46 29
14 36
15 44
8 56 53 52
39 36 29 35
53 52 8
7 27 19
46 8 52 56
42 56
7 23 15 8
35 40 54
53 37
23 37 2
52 35 2
19 7
49 27
27 35 54 19
52 53 35 2
23 14 29 33 7 36 21 55 19
41 2
23 2 52
23 52 53 8
41 38 34 51 22 42
37 35 2
53 35 52
51 41
14 44 7
53 52 36
18 33
54 27
37 53 6
8 23 52
56 37 8
36 29 56 33
22 23 41 8 53
6 27 53 35
15 19 53
45 40 27
26 34
8 19 2
55 56 41 8
14 39 35 26 29 19 15 40
40 21
8 2 35
15 56
5 40 23
40 31 6
6 8 45 7
42 15
52 31
15 26
27 26 31 35
22 15 45
6 33 52
56 53 35
7 22 45
40 56
5 27 7 6 34 15 45
15 34 23 27
33 29 7 27 35 53
56 53 55
55 6 35
23 29 21
23 32 33 29 35
8 41 56 5 19
33 54
54 23 27
18 6 19 5
23 6 55 41 8
29 7 35
55 8 29
45 53 54 2 35
42 6 29
53 35 19
34 41 42 51
23 6 15
19 29
6 42
8 34 23
56 55 19 53
15 6 52
36 19 52
2 35 8 19
56 52 19
51 39
15 45 6
2 19 40 15
27 6 18 26 22
52 2 8
42 26 5 54 7 32 15 45
7 54 19
45 40 23
22 6 2
56 26 15
35 19 23
39 6 55
40 23 35
18 7 54 19 35
8 2 54 55
